,embedding_type,feature_n,fam_duration,violation_type,trial_id,fam,test,stim_id
0,resnet_pa,3,1,background,0,animate_007_right.png,animate_007_right.png,0
1,resnet_pa,3,1,background,0,animate_007_left_pair.png,animate_007_left_pair.png,1
2,resnet_pa,3,1,background,0,animate_001_right.png,animate_001_right.png,2
3,resnet_pa,3,1,background,0,animate_001_left_pair.png,animate_001_left_pair.png,8
4,resnet_pa,3,1,background,0,animate_001_right_pair.png,animate_001_right_pair.png,10
5,resnet_pa,3,1,background,0,inanimate_012_left_pair.png,inanimate_012_left_pair.png,12
6,resnet_pa,3,1,background,0,animate_010_right.png,animate_010_right.png,14
7,resnet_pa,3,1,background,0,animate_007_left.png,animate_007_left.png,15
8,resnet_pa,3,1,background,0,animate_002_left.png,animate_002_left.png,16
9,resnet_pa,3,1,background,0,animate_009_right_pair.png,animate_009_right_pair.png,18
10,resnet_pa,3,1,background,0,inanimate_004_left.png,inanimate_004_left.png,19
11,resnet_pa,3,1,background,0,inanimate_008_left.png,inanimate_008_left.png,20
12,resnet_pa,3,1,background,0,animate_012_left_pair.png,animate_012_left_pair.png,23
13,resnet_pa,3,1,background,0,inanimate_006_right_pair.png,inanimate_006_right_pair.png,26
14,resnet_pa,3,1,background,0,inanimate_003_left_pair.png,inanimate_003_left_pair.png,28
15,resnet_pa,3,1,background,0,inanimate_011_left_pair.png,inanimate_011_left_pair.png,35
16,resnet_pa,3,1,background,0,inanimate_004_right_pair.png,inanimate_004_right_pair.png,37
17,resnet_pa,3,1,background,0,inanimate_011_right_pair.png,inanimate_011_right_pair.png,39
18,resnet_pa,3,1,background,0,animate_006_right_pair.png,animate_006_right_pair.png,41
19,resnet_pa,3,1,background,0,animate_009_left.png,animate_009_left.png,42
20,resnet_pa,3,1,background,0,inanimate_005_left.png,inanimate_005_left.png,46
21,resnet_pa,3,1,background,0,inanimate_010_left_pair.png,inanimate_010_left_pair.png,47
22,resnet_pa,3,1,background,0,animate_006_right.png,animate_006_right.png,48
23,resnet_pa,3,1,background,0,inanimate_001_right_pair.png,inanimate_001_right_pair.png,51
24,resnet_pa,3,1,background,0,inanimate_002_right_pair.png,inanimate_002_right_pair.png,53
25,resnet_pa,3,1,background,0,inanimate_003_right_pair.png,inanimate_003_right_pair.png,54
26,resnet_pa,3,1,background,0,animate_012_left.png,animate_012_left.png,55
27,resnet_pa,3,1,background,0,animate_006_left_pair.png,animate_006_left_pair.png,57
28,resnet_pa,3,1,background,0,animate_003_left_pair.png,animate_003_left_pair.png,60
29,resnet_pa,3,1,background,0,inanimate_009_right_pair.png,inanimate_009_right_pair.png,63
30,resnet_pa,3,1,background,0,animate_006_left.png,animate_006_left.png,69
31,resnet_pa,3,1,background,0,animate_002_left_pair.png,animate_002_left_pair.png,70
32,resnet_pa,3,1,background,0,animate_009_right.png,animate_009_right.png,71
33,resnet_pa,3,1,background,0,inanimate_008_left_pair.png,inanimate_008_left_pair.png,75
34,resnet_pa,3,1,background,0,animate_002_right_pair.png,animate_002_right_pair.png,79
35,resnet_pa,3,1,background,0,animate_012_right_pair.png,animate_012_right_pair.png,82
36,resnet_pa,3,1,background,0,animate_011_right.png,animate_011_right.png,83
37,resnet_pa,3,1,background,0,animate_010_left.png,animate_010_left.png,94
38,resnet_pa,3,1,background,0,inanimate_009_left_pair.png,inanimate_009_left_pair.png,95
39,resnet_pa,3,1,background,0,animate_008_right.png,animate_008_right.png,97
40,resnet_pa,3,1,background,0,inanimate_010_left.png,inanimate_010_left.png,99
41,resnet_pa,3,1,background,0,inanimate_003_left.png,inanimate_003_left.png,100
42,resnet_pa,3,1,background,0,animate_005_right_pair.png,animate_005_right_pair.png,102
43,resnet_pa,3,1,background,0,inanimate_008_right_pair.png,inanimate_008_right_pair.png,103
44,resnet_pa,3,1,background,0,animate_011_left.png,animate_011_left.png,108
45,resnet_pa,3,1,background,0,animate_003_right_pair.png,animate_003_right_pair.png,111
46,resnet_pa,3,1,background,0,inanimate_010_right_pair.png,inanimate_010_right_pair.png,113
47,resnet_pa,3,1,background,0,animate_008_left.png,animate_008_left.png,116
48,resnet_pa,3,1,background,0,inanimate_002_left.png,inanimate_002_left.png,118
49,resnet_pa,3,1,background,0,inanimate_005_left_pair.png,inanimate_005_left_pair.png,122
50,resnet_pa,3,1,background,0,inanimate_007_left.png,inanimate_007_left.png,126
51,resnet_pa,3,1,background,0,animate_011_left_pair.png,animate_011_left_pair.png,127
52,resnet_pa,3,1,background,0,inanimate_006_left.png,inanimate_006_left.png,132
53,resnet_pa,3,1,background,0,animate_010_left_pair.png,animate_010_left_pair.png,133
54,resnet_pa,3,1,background,0,inanimate_004_left_pair.png,inanimate_004_left_pair.png,134
55,resnet_pa,3,1,background,0,animate_008_right_pair.png,animate_008_right_pair.png,140
56,resnet_pa,3,1,background,0,animate_004_right_pair.png,animate_004_right_pair.png,143
57,resnet_pa,3,1,background,0,animate_011_right_pair.png,animate_011_right_pair.png,146
58,resnet_pa,3,1,background,0,animate_005_left.png,animate_005_left.png,150
59,resnet_pa,3,1,background,0,inanimate_006_left_pair.png,inanimate_006_left_pair.png,152
60,resnet_pa,3,1,background,0,animate_012_right.png,animate_012_right.png,153
61,resnet_pa,3,1,background,0,inanimate_002_left_pair.png,inanimate_002_left_pair.png,160
62,resnet_pa,3,1,background,0,inanimate_007_right_pair.png,inanimate_007_right_pair.png,166
63,resnet_pa,3,1,background,0,animate_009_left_pair.png,animate_009_left_pair.png,169
64,resnet_pa,3,1,background,0,inanimate_001_left_pair.png,inanimate_001_left_pair.png,174
65,resnet_pa,3,1,background,0,inanimate_001_left.png,inanimate_001_left.png,175
66,resnet_pa,3,1,background,0,animate_004_right.png,animate_004_right.png,183
67,resnet_pa,3,1,background,0,inanimate_011_left.png,inanimate_011_left.png,186
68,resnet_pa,3,1,background,0,animate_010_right_pair.png,animate_010_right_pair.png,187
69,resnet_pa,3,1,background,0,inanimate_012_right_pair.png,inanimate_012_right_pair.png,189
70,resnet_pa,3,1,background,0,animate_007_right_pair.png,animate_007_right_pair.png,195
71,resnet_pa,3,1,background,0,inanimate_009_left.png,inanimate_009_left.png,197
72,resnet_pa,3,1,background,0,animate_004_left.png,animate_004_left.png,215
73,resnet_pa,3,1,background,0,animate_004_left_pair.png,animate_004_left_pair.png,241
74,resnet_pa,3,1,background,0,inanimate_007_left_pair.png,inanimate_007_left_pair.png,294
75,resnet_pa,3,1,background,0,animate_002_right.png,animate_002_right.png,296
76,resnet_pa,3,1,background,0,animate_001_left.png,animate_001_left.png,298
77,resnet_pa,3,1,background,0,animate_003_right.png,animate_003_right.png,307
78,resnet_pa,3,1,background,0,animate_003_left.png,animate_003_left.png,309
79,resnet_pa,3,1,background,0,animate_008_left_pair.png,animate_008_left_pair.png,316
80,resnet_pa,3,1,background,0,animate_005_right.png,animate_005_right.png,337
81,resnet_pa,3,1,background,0,inanimate_012_left.png,inanimate_012_left.png,360
82,resnet_pa,3,1,background,0,inanimate_005_right_pair.png,inanimate_005_right_pair.png,367
83,resnet_pa,3,1,background,0,animate_005_left_pair.png,animate_005_left_pair.png,449
84,resnet_pa,3,3,background,5,animate_007_right.png,animate_007_right.png,0
85,resnet_pa,3,3,background,5,animate_007_left_pair.png,animate_007_left_pair.png,1
86,resnet_pa,3,3,background,5,animate_001_right.png,animate_001_right.png,2
87,resnet_pa,3,3,background,5,animate_001_left_pair.png,animate_001_left_pair.png,8
88,resnet_pa,3,3,background,5,animate_001_right_pair.png,animate_001_right_pair.png,10
89,resnet_pa,3,3,background,5,inanimate_012_left_pair.png,inanimate_012_left_pair.png,12
90,resnet_pa,3,3,background,5,animate_010_right.png,animate_010_right.png,14
91,resnet_pa,3,3,background,5,animate_007_left.png,animate_007_left.png,15
92,resnet_pa,3,3,background,5,animate_002_left.png,animate_002_left.png,16
93,resnet_pa,3,3,background,5,animate_009_right_pair.png,animate_009_right_pair.png,18
94,resnet_pa,3,3,background,5,inanimate_004_left.png,inanimate_004_left.png,19
95,resnet_pa,3,3,background,5,inanimate_008_left.png,inanimate_008_left.png,20
96,resnet_pa,3,3,background,5,animate_012_left_pair.png,animate_012_left_pair.png,23
97,resnet_pa,3,3,background,5,inanimate_006_right_pair.png,inanimate_006_right_pair.png,26
98,resnet_pa,3,3,background,5,inanimate_003_left_pair.png,inanimate_003_left_pair.png,28
99,resnet_pa,3,3,background,5,inanimate_011_left_pair.png,inanimate_011_left_pair.png,35
100,resnet_pa,3,3,background,5,inanimate_004_right_pair.png,inanimate_004_right_pair.png,37
101,resnet_pa,3,3,background,5,inanimate_011_right_pair.png,inanimate_011_right_pair.png,39
102,resnet_pa,3,3,background,5,animate_006_right_pair.png,animate_006_right_pair.png,41
103,resnet_pa,3,3,background,5,animate_009_left.png,animate_009_left.png,42
104,resnet_pa,3,3,background,5,inanimate_005_left.png,inanimate_005_left.png,46
105,resnet_pa,3,3,background,5,inanimate_010_left_pair.png,inanimate_010_left_pair.png,47
106,resnet_pa,3,3,background,5,animate_006_right.png,animate_006_right.png,48
107,resnet_pa,3,3,background,5,inanimate_001_right_pair.png,inanimate_001_right_pair.png,51
108,resnet_pa,3,3,background,5,inanimate_002_right_pair.png,inanimate_002_right_pair.png,53
109,resnet_pa,3,3,background,5,inanimate_003_right_pair.png,inanimate_003_right_pair.png,54
110,resnet_pa,3,3,background,5,animate_012_left.png,animate_012_left.png,55
111,resnet_pa,3,3,background,5,animate_006_left_pair.png,animate_006_left_pair.png,57
112,resnet_pa,3,3,background,5,animate_003_left_pair.png,animate_003_left_pair.png,60
113,resnet_pa,3,3,background,5,inanimate_009_right_pair.png,inanimate_009_right_pair.png,63
114,resnet_pa,3,3,background,5,animate_006_left.png,animate_006_left.png,69
115,resnet_pa,3,3,background,5,animate_002_left_pair.png,animate_002_left_pair.png,70
116,resnet_pa,3,3,background,5,animate_009_right.png,animate_009_right.png,71
117,resnet_pa,3,3,background,5,inanimate_008_left_pair.png,inanimate_008_left_pair.png,75
118,resnet_pa,3,3,background,5,animate_002_right_pair.png,animate_002_right_pair.png,79
119,resnet_pa,3,3,background,5,animate_012_right_pair.png,animate_012_right_pair.png,82
120,resnet_pa,3,3,background,5,animate_011_right.png,animate_011_right.png,83
121,resnet_pa,3,3,background,5,animate_010_left.png,animate_010_left.png,94
122,resnet_pa,3,3,background,5,inanimate_009_left_pair.png,inanimate_009_left_pair.png,95
123,resnet_pa,3,3,background,5,animate_008_right.png,animate_008_right.png,97
124,resnet_pa,3,3,background,5,inanimate_010_left.png,inanimate_010_left.png,99
125,resnet_pa,3,3,background,5,inanimate_003_left.png,inanimate_003_left.png,100
126,resnet_pa,3,3,background,5,animate_005_right_pair.png,animate_005_right_pair.png,102
127,resnet_pa,3,3,background,5,inanimate_008_right_pair.png,inanimate_008_right_pair.png,103
128,resnet_pa,3,3,background,5,animate_011_left.png,animate_011_left.png,108
129,resnet_pa,3,3,background,5,animate_003_right_pair.png,animate_003_right_pair.png,111
130,resnet_pa,3,3,background,5,inanimate_010_right_pair.png,inanimate_010_right_pair.png,113
131,resnet_pa,3,3,background,5,animate_008_left.png,animate_008_left.png,116
132,resnet_pa,3,3,background,5,inanimate_002_left.png,inanimate_002_left.png,118
133,resnet_pa,3,3,background,5,inanimate_005_left_pair.png,inanimate_005_left_pair.png,122
134,resnet_pa,3,3,background,5,inanimate_007_left.png,inanimate_007_left.png,126
135,resnet_pa,3,3,background,5,animate_011_left_pair.png,animate_011_left_pair.png,127
136,resnet_pa,3,3,background,5,inanimate_006_left.png,inanimate_006_left.png,132
137,resnet_pa,3,3,background,5,animate_010_left_pair.png,animate_010_left_pair.png,133
138,resnet_pa,3,3,background,5,inanimate_004_left_pair.png,inanimate_004_left_pair.png,134
139,resnet_pa,3,3,background,5,animate_008_right_pair.png,animate_008_right_pair.png,140
140,resnet_pa,3,3,background,5,animate_004_right_pair.png,animate_004_right_pair.png,143
141,resnet_pa,3,3,background,5,animate_011_right_pair.png,animate_011_right_pair.png,146
142,resnet_pa,3,3,background,5,animate_005_left.png,animate_005_left.png,150
143,resnet_pa,3,3,background,5,inanimate_006_left_pair.png,inanimate_006_left_pair.png,152
144,resnet_pa,3,3,background,5,animate_012_right.png,animate_012_right.png,153
145,resnet_pa,3,3,background,5,inanimate_002_left_pair.png,inanimate_002_left_pair.png,160
146,resnet_pa,3,3,background,5,inanimate_007_right_pair.png,inanimate_007_right_pair.png,166
147,resnet_pa,3,3,background,5,animate_009_left_pair.png,animate_009_left_pair.png,169
148,resnet_pa,3,3,background,5,inanimate_001_left_pair.png,inanimate_001_left_pair.png,174
149,resnet_pa,3,3,background,5,inanimate_001_left.png,inanimate_001_left.png,175
150,resnet_pa,3,3,background,5,animate_004_right.png,animate_004_right.png,183
151,resnet_pa,3,3,background,5,inanimate_011_left.png,inanimate_011_left.png,186
152,resnet_pa,3,3,background,5,animate_010_right_pair.png,animate_010_right_pair.png,187
153,resnet_pa,3,3,background,5,inanimate_012_right_pair.png,inanimate_012_right_pair.png,189
154,resnet_pa,3,3,background,5,animate_007_right_pair.png,animate_007_right_pair.png,195
155,resnet_pa,3,3,background,5,inanimate_009_left.png,inanimate_009_left.png,197
156,resnet_pa,3,3,background,5,animate_004_left.png,animate_004_left.png,215
157,resnet_pa,3,3,background,5,animate_004_left_pair.png,animate_004_left_pair.png,241
158,resnet_pa,3,3,background,5,inanimate_007_left_pair.png,inanimate_007_left_pair.png,294
159,resnet_pa,3,3,background,5,animate_002_right.png,animate_002_right.png,296
160,resnet_pa,3,3,background,5,animate_001_left.png,animate_001_left.png,298
161,resnet_pa,3,3,background,5,animate_003_right.png,animate_003_right.png,307
162,resnet_pa,3,3,background,5,animate_003_left.png,animate_003_left.png,309
163,resnet_pa,3,3,background,5,animate_008_left_pair.png,animate_008_left_pair.png,316
164,resnet_pa,3,3,background,5,animate_005_right.png,animate_005_right.png,337
165,resnet_pa,3,3,background,5,inanimate_012_left.png,inanimate_012_left.png,360
166,resnet_pa,3,3,background,5,inanimate_005_right_pair.png,inanimate_005_right_pair.png,367
167,resnet_pa,3,3,background,5,animate_005_left_pair.png,animate_005_left_pair.png,449
168,resnet_pa,3,5,background,10,animate_007_right.png,animate_007_right.png,0
169,resnet_pa,3,5,background,10,animate_007_left_pair.png,animate_007_left_pair.png,1
170,resnet_pa,3,5,background,10,animate_001_right.png,animate_001_right.png,2
171,resnet_pa,3,5,background,10,animate_001_left_pair.png,animate_001_left_pair.png,8
172,resnet_pa,3,5,background,10,animate_001_right_pair.png,animate_001_right_pair.png,10
173,resnet_pa,3,5,background,10,inanimate_012_left_pair.png,inanimate_012_left_pair.png,12
174,resnet_pa,3,5,background,10,animate_010_right.png,animate_010_right.png,14
175,resnet_pa,3,5,background,10,animate_007_left.png,animate_007_left.png,15
176,resnet_pa,3,5,background,10,animate_002_left.png,animate_002_left.png,16
177,resnet_pa,3,5,background,10,animate_009_right_pair.png,animate_009_right_pair.png,18
178,resnet_pa,3,5,background,10,inanimate_004_left.png,inanimate_004_left.png,19
179,resnet_pa,3,5,background,10,inanimate_008_left.png,inanimate_008_left.png,20
180,resnet_pa,3,5,background,10,animate_012_left_pair.png,animate_012_left_pair.png,23
181,resnet_pa,3,5,background,10,inanimate_006_right_pair.png,inanimate_006_right_pair.png,26
182,resnet_pa,3,5,background,10,inanimate_003_left_pair.png,inanimate_003_left_pair.png,28
183,resnet_pa,3,5,background,10,inanimate_011_left_pair.png,inanimate_011_left_pair.png,35
184,resnet_pa,3,5,background,10,inanimate_004_right_pair.png,inanimate_004_right_pair.png,37
185,resnet_pa,3,5,background,10,inanimate_011_right_pair.png,inanimate_011_right_pair.png,39
186,resnet_pa,3,5,background,10,animate_006_right_pair.png,animate_006_right_pair.png,41
187,resnet_pa,3,5,background,10,animate_009_left.png,animate_009_left.png,42
188,resnet_pa,3,5,background,10,inanimate_005_left.png,inanimate_005_left.png,46
189,resnet_pa,3,5,background,10,inanimate_010_left_pair.png,inanimate_010_left_pair.png,47
190,resnet_pa,3,5,background,10,animate_006_right.png,animate_006_right.png,48
191,resnet_pa,3,5,background,10,inanimate_001_right_pair.png,inanimate_001_right_pair.png,51
192,resnet_pa,3,5,background,10,inanimate_002_right_pair.png,inanimate_002_right_pair.png,53
193,resnet_pa,3,5,background,10,inanimate_003_right_pair.png,inanimate_003_right_pair.png,54
194,resnet_pa,3,5,background,10,animate_012_left.png,animate_012_left.png,55
195,resnet_pa,3,5,background,10,animate_006_left_pair.png,animate_006_left_pair.png,57
196,resnet_pa,3,5,background,10,animate_003_left_pair.png,animate_003_left_pair.png,60
197,resnet_pa,3,5,background,10,inanimate_009_right_pair.png,inanimate_009_right_pair.png,63
198,resnet_pa,3,5,background,10,animate_006_left.png,animate_006_left.png,69
199,resnet_pa,3,5,background,10,animate_002_left_pair.png,animate_002_left_pair.png,70
200,resnet_pa,3,5,background,10,animate_009_right.png,animate_009_right.png,71
201,resnet_pa,3,5,background,10,inanimate_008_left_pair.png,inanimate_008_left_pair.png,75
202,resnet_pa,3,5,background,10,animate_002_right_pair.png,animate_002_right_pair.png,79
203,resnet_pa,3,5,background,10,animate_012_right_pair.png,animate_012_right_pair.png,82
204,resnet_pa,3,5,background,10,animate_011_right.png,animate_011_right.png,83
205,resnet_pa,3,5,background,10,animate_010_left.png,animate_010_left.png,94
206,resnet_pa,3,5,background,10,inanimate_009_left_pair.png,inanimate_009_left_pair.png,95
207,resnet_pa,3,5,background,10,animate_008_right.png,animate_008_right.png,97
208,resnet_pa,3,5,background,10,inanimate_010_left.png,inanimate_010_left.png,99
209,resnet_pa,3,5,background,10,inanimate_003_left.png,inanimate_003_left.png,100
210,resnet_pa,3,5,background,10,animate_005_right_pair.png,animate_005_right_pair.png,102
211,resnet_pa,3,5,background,10,inanimate_008_right_pair.png,inanimate_008_right_pair.png,103
212,resnet_pa,3,5,background,10,animate_011_left.png,animate_011_left.png,108
213,resnet_pa,3,5,background,10,animate_003_right_pair.png,animate_003_right_pair.png,111
214,resnet_pa,3,5,background,10,inanimate_010_right_pair.png,inanimate_010_right_pair.png,113
215,resnet_pa,3,5,background,10,animate_008_left.png,animate_008_left.png,116
216,resnet_pa,3,5,background,10,inanimate_002_left.png,inanimate_002_left.png,118
217,resnet_pa,3,5,background,10,inanimate_005_left_pair.png,inanimate_005_left_pair.png,122
218,resnet_pa,3,5,background,10,inanimate_007_left.png,inanimate_007_left.png,126
219,resnet_pa,3,5,background,10,animate_011_left_pair.png,animate_011_left_pair.png,127
220,resnet_pa,3,5,background,10,inanimate_006_left.png,inanimate_006_left.png,132
221,resnet_pa,3,5,background,10,animate_010_left_pair.png,animate_010_left_pair.png,133
222,resnet_pa,3,5,background,10,inanimate_004_left_pair.png,inanimate_004_left_pair.png,134
223,resnet_pa,3,5,background,10,animate_008_right_pair.png,animate_008_right_pair.png,140
224,resnet_pa,3,5,background,10,animate_004_right_pair.png,animate_004_right_pair.png,143
225,resnet_pa,3,5,background,10,animate_011_right_pair.png,animate_011_right_pair.png,146
226,resnet_pa,3,5,background,10,animate_005_left.png,animate_005_left.png,150
227,resnet_pa,3,5,background,10,inanimate_006_left_pair.png,inanimate_006_left_pair.png,152
228,resnet_pa,3,5,background,10,animate_012_right.png,animate_012_right.png,153
229,resnet_pa,3,5,background,10,inanimate_002_left_pair.png,inanimate_002_left_pair.png,160
230,resnet_pa,3,5,background,10,inanimate_007_right_pair.png,inanimate_007_right_pair.png,166
231,resnet_pa,3,5,background,10,animate_009_left_pair.png,animate_009_left_pair.png,169
232,resnet_pa,3,5,background,10,inanimate_001_left_pair.png,inanimate_001_left_pair.png,174
233,resnet_pa,3,5,background,10,inanimate_001_left.png,inanimate_001_left.png,175
234,resnet_pa,3,5,background,10,animate_004_right.png,animate_004_right.png,183
235,resnet_pa,3,5,background,10,inanimate_011_left.png,inanimate_011_left.png,186
236,resnet_pa,3,5,background,10,animate_010_right_pair.png,animate_010_right_pair.png,187
237,resnet_pa,3,5,background,10,inanimate_012_right_pair.png,inanimate_012_right_pair.png,189
238,resnet_pa,3,5,background,10,animate_007_right_pair.png,animate_007_right_pair.png,195
239,resnet_pa,3,5,background,10,inanimate_009_left.png,inanimate_009_left.png,197
240,resnet_pa,3,5,background,10,animate_004_left.png,animate_004_left.png,215
241,resnet_pa,3,5,background,10,animate_004_left_pair.png,animate_004_left_pair.png,241
242,resnet_pa,3,5,background,10,inanimate_007_left_pair.png,inanimate_007_left_pair.png,294
243,resnet_pa,3,5,background,10,animate_002_right.png,animate_002_right.png,296
244,resnet_pa,3,5,background,10,animate_001_left.png,animate_001_left.png,298
245,resnet_pa,3,5,background,10,animate_003_right.png,animate_003_right.png,307
246,resnet_pa,3,5,background,10,animate_003_left.png,animate_003_left.png,309
247,resnet_pa,3,5,background,10,animate_008_left_pair.png,animate_008_left_pair.png,316
248,resnet_pa,3,5,background,10,animate_005_right.png,animate_005_right.png,337
249,resnet_pa,3,5,background,10,inanimate_012_left.png,inanimate_012_left.png,360
250,resnet_pa,3,5,background,10,inanimate_005_right_pair.png,inanimate_005_right_pair.png,367
251,resnet_pa,3,5,background,10,animate_005_left_pair.png,animate_005_left_pair.png,449
252,resnet_pa,3,1,identity,1,animate_010_left_pair.png,animate_006_left_pair.png,17
253,resnet_pa,3,1,identity,1,inanimate_010_right.png,inanimate_003_right.png,21
254,resnet_pa,3,1,identity,1,inanimate_012_left_pair.png,inanimate_006_left_pair.png,44
255,resnet_pa,3,1,identity,1,inanimate_010_right.png,inanimate_006_right.png,58
256,resnet_pa,3,1,identity,1,animate_001_left_pair.png,animate_011_left_pair.png,65
257,resnet_pa,3,1,identity,1,animate_002_left.png,animate_006_left.png,74
258,resnet_pa,3,1,identity,1,inanimate_009_right.png,inanimate_012_right.png,76
259,resnet_pa,3,1,identity,1,animate_004_left.png,animate_011_left.png,80
260,resnet_pa,3,1,identity,1,animate_008_right.png,animate_012_right.png,81
261,resnet_pa,3,1,identity,1,inanimate_002_left.png,inanimate_001_left.png,85
262,resnet_pa,3,1,identity,1,inanimate_010_left.png,inanimate_011_left.png,86
263,resnet_pa,3,1,identity,1,inanimate_001_left_pair.png,inanimate_011_left_pair.png,87
264,resnet_pa,3,1,identity,1,animate_006_right.png,animate_009_right.png,96
265,resnet_pa,3,1,identity,1,animate_004_right_pair.png,animate_007_right_pair.png,105
266,resnet_pa,3,1,identity,1,animate_001_left_pair.png,animate_008_left_pair.png,114
267,resnet_pa,3,1,identity,1,animate_007_left_pair.png,animate_009_left_pair.png,119
268,resnet_pa,3,1,identity,1,inanimate_001_left_pair.png,inanimate_005_left_pair.png,121
269,resnet_pa,3,1,identity,1,animate_003_left.png,animate_001_left.png,135
270,resnet_pa,3,1,identity,1,inanimate_012_left_pair.png,inanimate_010_left_pair.png,145
271,resnet_pa,3,1,identity,1,inanimate_004_right_pair.png,inanimate_008_right_pair.png,149
272,resnet_pa,3,1,identity,1,animate_003_right_pair.png,animate_001_right_pair.png,151
273,resnet_pa,3,1,identity,1,inanimate_012_right_pair.png,inanimate_007_right_pair.png,159
274,resnet_pa,3,1,identity,1,inanimate_002_right.png,inanimate_001_right.png,167
275,resnet_pa,3,1,identity,1,inanimate_005_left_pair.png,inanimate_009_left_pair.png,168
276,resnet_pa,3,1,identity,1,inanimate_011_left_pair.png,inanimate_007_left_pair.png,172
277,resnet_pa,3,1,identity,1,inanimate_001_right_pair.png,inanimate_003_right_pair.png,181
278,resnet_pa,3,1,identity,1,inanimate_012_right.png,inanimate_003_right.png,185
279,resnet_pa,3,1,identity,1,inanimate_010_right.png,inanimate_012_right.png,193
280,resnet_pa,3,1,identity,1,animate_005_right_pair.png,animate_009_right_pair.png,200
281,resnet_pa,3,1,identity,1,animate_012_right_pair.png,animate_002_right_pair.png,207
282,resnet_pa,3,1,identity,1,animate_008_right_pair.png,animate_009_right_pair.png,208
283,resnet_pa,3,1,identity,1,inanimate_009_right_pair.png,inanimate_006_right_pair.png,209
284,resnet_pa,3,1,identity,1,inanimate_009_right_pair.png,inanimate_001_right_pair.png,210
285,resnet_pa,3,1,identity,1,animate_008_right.png,animate_003_right.png,213
286,resnet_pa,3,1,identity,1,animate_007_right.png,animate_006_right.png,214
287,resnet_pa,3,1,identity,1,inanimate_008_left.png,inanimate_005_left.png,229
288,resnet_pa,3,1,identity,1,inanimate_009_left_pair.png,inanimate_002_left_pair.png,237
289,resnet_pa,3,1,identity,1,animate_006_right.png,animate_011_right.png,245
290,resnet_pa,3,1,identity,1,animate_012_left_pair.png,animate_005_left_pair.png,247
291,resnet_pa,3,1,identity,1,inanimate_004_left_pair.png,inanimate_003_left_pair.png,252
292,resnet_pa,3,1,identity,1,animate_009_right.png,animate_001_right.png,257
293,resnet_pa,3,1,identity,1,animate_011_left.png,animate_008_left.png,258
294,resnet_pa,3,1,identity,1,inanimate_008_right.png,inanimate_010_right.png,269
295,resnet_pa,3,1,identity,1,animate_001_right.png,animate_005_right.png,270
296,resnet_pa,3,1,identity,1,animate_002_left.png,animate_010_left.png,275
297,resnet_pa,3,1,identity,1,animate_005_right_pair.png,animate_007_right_pair.png,281
298,resnet_pa,3,1,identity,1,animate_002_right_pair.png,animate_007_right_pair.png,282
299,resnet_pa,3,1,identity,1,inanimate_006_right_pair.png,inanimate_002_right_pair.png,283
300,resnet_pa,3,1,identity,1,inanimate_010_left_pair.png,inanimate_009_left_pair.png,285
301,resnet_pa,3,1,identity,1,inanimate_002_left_pair.png,inanimate_012_left_pair.png,287
302,resnet_pa,3,1,identity,1,inanimate_008_right_pair.png,inanimate_004_right_pair.png,289
303,resnet_pa,3,1,identity,1,inanimate_001_right_pair.png,inanimate_010_right_pair.png,290
304,resnet_pa,3,1,identity,1,inanimate_004_left_pair.png,inanimate_011_left_pair.png,292
305,resnet_pa,3,1,identity,1,inanimate_002_right_pair.png,inanimate_011_right_pair.png,302
306,resnet_pa,3,1,identity,1,inanimate_008_left.png,inanimate_007_left.png,308
307,resnet_pa,3,1,identity,1,inanimate_004_right.png,inanimate_007_right.png,310
308,resnet_pa,3,1,identity,1,inanimate_011_right.png,inanimate_004_right.png,311
309,resnet_pa,3,1,identity,1,animate_003_right.png,animate_001_right.png,318
310,resnet_pa,3,1,identity,1,inanimate_008_left_pair.png,inanimate_002_left_pair.png,320
311,resnet_pa,3,1,identity,1,animate_009_right_pair.png,animate_010_right_pair.png,321
312,resnet_pa,3,1,identity,1,inanimate_004_left_pair.png,inanimate_005_left_pair.png,329
313,resnet_pa,3,1,identity,1,inanimate_003_left.png,inanimate_008_left.png,330
314,resnet_pa,3,1,identity,1,animate_001_left_pair.png,animate_006_left_pair.png,332
315,resnet_pa,3,1,identity,1,animate_006_left.png,animate_001_left.png,333
316,resnet_pa,3,1,identity,1,inanimate_003_left_pair.png,inanimate_001_left_pair.png,335
317,resnet_pa,3,1,identity,1,inanimate_002_left_pair.png,inanimate_011_left_pair.png,341
318,resnet_pa,3,1,identity,1,inanimate_011_right_pair.png,inanimate_012_right_pair.png,343
319,resnet_pa,3,1,identity,1,animate_006_right.png,animate_007_right.png,344
320,resnet_pa,3,1,identity,1,animate_002_right.png,animate_011_right.png,347
321,resnet_pa,3,1,identity,1,inanimate_008_left_pair.png,inanimate_009_left_pair.png,352
322,resnet_pa,3,1,identity,1,inanimate_007_left_pair.png,inanimate_006_left_pair.png,353
323,resnet_pa,3,1,identity,1,inanimate_009_left_pair.png,inanimate_011_left_pair.png,359
324,resnet_pa,3,1,identity,1,inanimate_012_right_pair.png,inanimate_006_right_pair.png,362
325,resnet_pa,3,1,identity,1,animate_008_left.png,animate_009_left.png,363
326,resnet_pa,3,1,identity,1,animate_003_left.png,animate_011_left.png,376
327,resnet_pa,3,1,identity,1,inanimate_007_left.png,inanimate_002_left.png,378
328,resnet_pa,3,1,identity,1,inanimate_006_left_pair.png,inanimate_004_left_pair.png,380
329,resnet_pa,3,1,identity,1,animate_011_left_pair.png,animate_001_left_pair.png,381
330,resnet_pa,3,1,identity,1,inanimate_012_right.png,inanimate_005_right.png,386
331,resnet_pa,3,1,identity,1,animate_005_right_pair.png,animate_008_right_pair.png,392
332,resnet_pa,3,1,identity,1,animate_003_left.png,animate_002_left.png,398
333,resnet_pa,3,1,identity,1,inanimate_011_left.png,inanimate_002_left.png,400
334,resnet_pa,3,1,identity,1,animate_001_left.png,animate_002_left.png,405
335,resnet_pa,3,1,identity,1,inanimate_011_left_pair.png,inanimate_002_left_pair.png,408
336,resnet_pa,3,1,identity,1,animate_010_left.png,animate_007_left.png,409
337,resnet_pa,3,1,identity,1,animate_003_right_pair.png,animate_011_right_pair.png,413
338,resnet_pa,3,1,identity,1,animate_003_left_pair.png,animate_008_left_pair.png,414
339,resnet_pa,3,1,identity,1,animate_012_left.png,animate_004_left.png,417
340,resnet_pa,3,1,identity,1,inanimate_007_left.png,inanimate_008_left.png,418
341,resnet_pa,3,1,identity,1,animate_011_right_pair.png,animate_007_right_pair.png,422
342,resnet_pa,3,1,identity,1,animate_008_left_pair.png,animate_002_left_pair.png,426
343,resnet_pa,3,1,identity,1,inanimate_003_right_pair.png,inanimate_007_right_pair.png,427
344,resnet_pa,3,1,identity,1,inanimate_007_left_pair.png,inanimate_008_left_pair.png,428
345,resnet_pa,3,1,identity,1,animate_003_right_pair.png,animate_002_right_pair.png,432
346,resnet_pa,3,1,identity,1,inanimate_001_left_pair.png,inanimate_010_left_pair.png,434
347,resnet_pa,3,1,identity,1,animate_011_left.png,animate_002_left.png,439
348,resnet_pa,3,1,identity,1,inanimate_001_right.png,inanimate_009_right.png,442
349,resnet_pa,3,1,identity,1,inanimate_002_right_pair.png,inanimate_003_right_pair.png,444
350,resnet_pa,3,1,identity,1,inanimate_010_left_pair.png,inanimate_005_left_pair.png,448
351,resnet_pa,3,1,identity,1,inanimate_001_left.png,inanimate_004_left.png,456
352,resnet_pa,3,1,identity,1,animate_006_left_pair.png,animate_002_left_pair.png,458
353,resnet_pa,3,1,identity,1,animate_009_left_pair.png,animate_006_left_pair.png,459
354,resnet_pa,3,1,identity,1,inanimate_012_left.png,inanimate_001_left.png,460
355,resnet_pa,3,1,identity,1,animate_001_left_pair.png,animate_009_left_pair.png,461
356,resnet_pa,3,1,identity,1,inanimate_004_left_pair.png,inanimate_009_left_pair.png,465
357,resnet_pa,3,1,identity,1,animate_001_left.png,animate_003_left.png,468
358,resnet_pa,3,1,identity,1,animate_011_right.png,animate_012_right.png,469
359,resnet_pa,3,1,identity,1,inanimate_005_left.png,inanimate_007_left.png,470
360,resnet_pa,3,1,identity,1,inanimate_012_left.png,inanimate_007_left.png,471
361,resnet_pa,3,1,identity,1,inanimate_004_left_pair.png,inanimate_006_left_pair.png,472
362,resnet_pa,3,1,identity,1,animate_005_left_pair.png,animate_001_left_pair.png,476
363,resnet_pa,3,1,identity,1,animate_003_left.png,animate_012_left.png,477
364,resnet_pa,3,1,identity,1,inanimate_004_right_pair.png,inanimate_006_right_pair.png,478
365,resnet_pa,3,1,identity,1,inanimate_005_left.png,inanimate_001_left.png,481
366,resnet_pa,3,1,identity,1,animate_010_right_pair.png,animate_012_right_pair.png,489
367,resnet_pa,3,1,identity,1,animate_007_left.png,animate_005_left.png,490
368,resnet_pa,3,1,identity,1,animate_001_left_pair.png,animate_005_left_pair.png,492
369,resnet_pa,3,1,identity,1,animate_001_left.png,animate_004_left.png,494
370,resnet_pa,3,1,identity,1,inanimate_009_right.png,inanimate_001_right.png,498
371,resnet_pa,3,1,identity,1,animate_001_left_pair.png,animate_002_left_pair.png,512
372,resnet_pa,3,1,identity,1,animate_002_right.png,animate_003_right.png,515
373,resnet_pa,3,1,identity,1,animate_001_left.png,animate_007_left.png,518
374,resnet_pa,3,1,identity,1,animate_001_right_pair.png,animate_005_right_pair.png,520
375,resnet_pa,3,1,identity,1,inanimate_005_right_pair.png,inanimate_006_right_pair.png,521
376,resnet_pa,3,1,identity,1,animate_009_right.png,animate_010_right.png,523
377,resnet_pa,3,1,identity,1,animate_003_right_pair.png,animate_004_right_pair.png,524
378,resnet_pa,3,1,identity,1,inanimate_003_right.png,inanimate_011_right.png,526
379,resnet_pa,3,1,identity,1,animate_011_left.png,animate_007_left.png,528
380,resnet_pa,3,1,identity,1,inanimate_012_left_pair.png,inanimate_008_left_pair.png,532
381,resnet_pa,3,1,identity,1,animate_010_right.png,animate_003_right.png,533
382,resnet_pa,3,1,identity,1,animate_004_left_pair.png,animate_003_left_pair.png,536
383,resnet_pa,3,1,identity,1,inanimate_005_right_pair.png,inanimate_001_right_pair.png,537
384,resnet_pa,3,1,identity,1,inanimate_006_left.png,inanimate_011_left.png,539
385,resnet_pa,3,1,identity,1,inanimate_008_left_pair.png,inanimate_012_left_pair.png,544
386,resnet_pa,3,1,identity,1,animate_011_left.png,animate_004_left.png,545
387,resnet_pa,3,1,identity,1,inanimate_011_right.png,inanimate_008_right.png,547
388,resnet_pa,3,1,identity,1,inanimate_003_right_pair.png,inanimate_004_right_pair.png,550
389,resnet_pa,3,1,identity,1,inanimate_003_left_pair.png,inanimate_007_left_pair.png,551
390,resnet_pa,3,1,identity,1,inanimate_007_left.png,inanimate_009_left.png,553
391,resnet_pa,3,1,identity,1,animate_003_left.png,animate_010_left.png,554
392,resnet_pa,3,1,identity,1,animate_009_left.png,animate_008_left.png,555
393,resnet_pa,3,1,identity,1,animate_004_left_pair.png,animate_001_left_pair.png,556
394,resnet_pa,3,1,identity,1,inanimate_010_left_pair.png,inanimate_001_left_pair.png,557
395,resnet_pa,3,1,identity,1,inanimate_011_left.png,inanimate_007_left.png,561
396,resnet_pa,3,1,identity,1,animate_002_right.png,animate_010_right.png,562
397,resnet_pa,3,1,identity,1,inanimate_002_left_pair.png,inanimate_007_left_pair.png,566
398,resnet_pa,3,1,identity,1,animate_010_left_pair.png,animate_011_left_pair.png,570
399,resnet_pa,3,1,identity,1,animate_008_left.png,animate_010_left.png,573
400,resnet_pa,3,1,identity,1,animate_004_right_pair.png,animate_006_right_pair.png,576
401,resnet_pa,3,1,identity,1,inanimate_011_right.png,inanimate_009_right.png,577
402,resnet_pa,3,1,identity,1,inanimate_002_right_pair.png,inanimate_012_right_pair.png,580
403,resnet_pa,3,1,identity,1,animate_012_right_pair.png,animate_007_right_pair.png,581
404,resnet_pa,3,1,identity,1,animate_008_left.png,animate_002_left.png,582
405,resnet_pa,3,1,identity,1,inanimate_002_right.png,inanimate_003_right.png,587
406,resnet_pa,3,1,identity,1,animate_010_left.png,animate_003_left.png,591
407,resnet_pa,3,1,identity,1,animate_010_right_pair.png,animate_006_right_pair.png,593
408,resnet_pa,3,1,identity,1,inanimate_010_right_pair.png,inanimate_006_right_pair.png,601
409,resnet_pa,3,1,identity,1,animate_012_right_pair.png,animate_004_right_pair.png,602
410,resnet_pa,3,1,identity,1,animate_010_right.png,animate_008_right.png,603
411,resnet_pa,3,1,identity,1,animate_006_left.png,animate_007_left.png,606
412,resnet_pa,3,1,identity,1,inanimate_009_left.png,inanimate_003_left.png,607
413,resnet_pa,3,1,identity,1,animate_011_right.png,animate_009_right.png,608
414,resnet_pa,3,1,identity,1,inanimate_006_left.png,inanimate_010_left.png,610
415,resnet_pa,3,1,identity,1,animate_006_right.png,animate_008_right.png,612
416,resnet_pa,3,1,identity,1,inanimate_001_right.png,inanimate_006_right.png,616
417,resnet_pa,3,1,identity,1,animate_010_right_pair.png,animate_008_right_pair.png,617
418,resnet_pa,3,1,identity,1,inanimate_004_right.png,inanimate_003_right.png,618
419,resnet_pa,3,1,identity,1,animate_006_left.png,animate_009_left.png,622
420,resnet_pa,3,1,identity,1,inanimate_004_left_pair.png,inanimate_008_left_pair.png,623
421,resnet_pa,3,1,identity,1,animate_008_right.png,animate_007_right.png,624
422,resnet_pa,3,1,identity,1,inanimate_005_right.png,inanimate_007_right.png,628
423,resnet_pa,3,1,identity,1,inanimate_005_left_pair.png,inanimate_008_left_pair.png,630
424,resnet_pa,3,1,identity,1,inanimate_004_left.png,inanimate_010_left.png,631
425,resnet_pa,3,1,identity,1,animate_004_right.png,animate_008_right.png,633
426,resnet_pa,3,1,identity,1,animate_009_left_pair.png,animate_011_left_pair.png,637
427,resnet_pa,3,1,identity,1,inanimate_012_right_pair.png,inanimate_008_right_pair.png,638
428,resnet_pa,3,1,identity,1,inanimate_009_left_pair.png,inanimate_007_left_pair.png,640
429,resnet_pa,3,1,identity,1,animate_012_right_pair.png,animate_003_right_pair.png,641
430,resnet_pa,3,1,identity,1,animate_003_right.png,animate_006_right.png,642
431,resnet_pa,3,1,identity,1,animate_008_left_pair.png,animate_005_left_pair.png,645
432,resnet_pa,3,1,identity,1,inanimate_004_left.png,inanimate_003_left.png,648
433,resnet_pa,3,1,identity,1,animate_003_right.png,animate_002_right.png,651
434,resnet_pa,3,1,identity,1,animate_010_right_pair.png,animate_004_right_pair.png,653
435,resnet_pa,3,1,identity,1,inanimate_008_right.png,inanimate_003_right.png,654
436,resnet_pa,3,1,identity,1,animate_012_left_pair.png,animate_010_left_pair.png,656
437,resnet_pa,3,1,identity,1,animate_011_right_pair.png,animate_002_right_pair.png,657
438,resnet_pa,3,1,identity,1,inanimate_009_left_pair.png,inanimate_005_left_pair.png,658
439,resnet_pa,3,1,identity,1,inanimate_001_right.png,inanimate_010_right.png,659
440,resnet_pa,3,1,identity,1,animate_004_left_pair.png,animate_005_left_pair.png,662
441,resnet_pa,3,1,identity,1,inanimate_005_right.png,inanimate_003_right.png,665
442,resnet_pa,3,1,identity,1,animate_005_left_pair.png,animate_010_left_pair.png,671
443,resnet_pa,3,1,identity,1,animate_010_right.png,animate_012_right.png,672
444,resnet_pa,3,1,identity,1,animate_008_left_pair.png,animate_009_left_pair.png,677
445,resnet_pa,3,1,identity,1,animate_009_right_pair.png,animate_012_right_pair.png,679
446,resnet_pa,3,1,identity,1,animate_002_left_pair.png,animate_001_left_pair.png,687
447,resnet_pa,3,1,identity,1,animate_001_left.png,animate_006_left.png,690
448,resnet_pa,3,1,identity,1,animate_005_left.png,animate_004_left.png,692
449,resnet_pa,3,1,identity,1,inanimate_012_right.png,inanimate_007_right.png,695
450,resnet_pa,3,1,identity,1,animate_009_right_pair.png,animate_002_right_pair.png,696
451,resnet_pa,3,1,identity,1,inanimate_003_left.png,inanimate_001_left.png,697
452,resnet_pa,3,1,identity,1,animate_003_left_pair.png,animate_002_left_pair.png,698
453,resnet_pa,3,1,identity,1,animate_006_right.png,animate_012_right.png,700
454,resnet_pa,3,1,identity,1,inanimate_002_left.png,inanimate_011_left.png,701
455,resnet_pa,3,1,identity,1,animate_011_left_pair.png,animate_003_left_pair.png,704
456,resnet_pa,3,1,identity,1,inanimate_011_right_pair.png,inanimate_005_right_pair.png,707
457,resnet_pa,3,1,identity,1,inanimate_002_left.png,inanimate_012_left.png,709
458,resnet_pa,3,1,identity,1,inanimate_004_right_pair.png,inanimate_011_right_pair.png,710
459,resnet_pa,3,1,identity,1,inanimate_012_right.png,inanimate_008_right.png,711
460,resnet_pa,3,1,identity,1,inanimate_006_right.png,inanimate_001_right.png,713
461,resnet_pa,3,1,identity,1,inanimate_005_left.png,inanimate_009_left.png,715
462,resnet_pa,3,1,identity,1,animate_011_left.png,animate_009_left.png,718
463,resnet_pa,3,1,identity,1,animate_005_left.png,animate_006_left.png,720
464,resnet_pa,3,1,identity,1,inanimate_011_left_pair.png,inanimate_009_left_pair.png,721
465,resnet_pa,3,1,identity,1,animate_007_left_pair.png,animate_006_left_pair.png,724
466,resnet_pa,3,1,identity,1,animate_003_left.png,animate_006_left.png,726
467,resnet_pa,3,1,identity,1,inanimate_007_left.png,inanimate_006_left.png,727
468,resnet_pa,3,1,identity,1,inanimate_006_left_pair.png,inanimate_008_left_pair.png,733
469,resnet_pa,3,1,identity,1,animate_012_right_pair.png,animate_009_right_pair.png,734
470,resnet_pa,3,1,identity,1,inanimate_009_left.png,inanimate_001_left.png,736
471,resnet_pa,3,1,identity,1,animate_012_left.png,animate_003_left.png,738
472,resnet_pa,3,1,identity,1,inanimate_010_right_pair.png,inanimate_011_right_pair.png,742
473,resnet_pa,3,1,identity,1,inanimate_008_right_pair.png,inanimate_010_right_pair.png,743
474,resnet_pa,3,1,identity,1,animate_009_right.png,animate_012_right.png,746
475,resnet_pa,3,1,identity,1,inanimate_011_right.png,inanimate_007_right.png,748
476,resnet_pa,3,1,identity,1,animate_001_right.png,animate_002_right.png,755
477,resnet_pa,3,1,identity,1,animate_007_right.png,animate_010_right.png,756
478,resnet_pa,3,1,identity,1,animate_006_left.png,animate_010_left.png,757
479,resnet_pa,3,1,identity,1,animate_002_right_pair.png,animate_008_right_pair.png,758
480,resnet_pa,3,1,identity,1,inanimate_005_left.png,inanimate_011_left.png,759
481,resnet_pa,3,1,identity,1,inanimate_006_left.png,inanimate_002_left.png,760
482,resnet_pa,3,1,identity,1,inanimate_006_right_pair.png,inanimate_010_right_pair.png,761
483,resnet_pa,3,1,identity,1,inanimate_012_right.png,inanimate_009_right.png,762
484,resnet_pa,3,1,identity,1,inanimate_006_right_pair.png,inanimate_001_right_pair.png,765
485,resnet_pa,3,1,identity,1,animate_007_right_pair.png,animate_003_right_pair.png,766
486,resnet_pa,3,1,identity,1,inanimate_012_left.png,inanimate_005_left.png,767
487,resnet_pa,3,1,identity,1,inanimate_007_left_pair.png,inanimate_011_left_pair.png,769
488,resnet_pa,3,1,identity,1,inanimate_007_left.png,inanimate_011_left.png,770
489,resnet_pa,3,1,identity,1,animate_008_left_pair.png,animate_010_left_pair.png,772
490,resnet_pa,3,1,identity,1,inanimate_001_left_pair.png,inanimate_003_left_pair.png,774
491,resnet_pa,3,1,identity,1,animate_003_left_pair.png,animate_011_left_pair.png,778
492,resnet_pa,3,1,identity,1,inanimate_005_right.png,inanimate_009_right.png,779
493,resnet_pa,3,1,identity,1,animate_008_right.png,animate_010_right.png,780
494,resnet_pa,3,1,identity,1,animate_006_right_pair.png,animate_011_right_pair.png,786
495,resnet_pa,3,1,identity,1,inanimate_011_right_pair.png,inanimate_002_right_pair.png,787
496,resnet_pa,3,1,identity,1,inanimate_005_left.png,inanimate_003_left.png,788
497,resnet_pa,3,1,identity,1,animate_011_right_pair.png,animate_006_right_pair.png,791
498,resnet_pa,3,1,identity,1,animate_001_right_pair.png,animate_007_right_pair.png,792
499,resnet_pa,3,1,identity,1,animate_008_left.png,animate_001_left.png,794
500,resnet_pa,3,1,identity,1,inanimate_011_left.png,inanimate_006_left.png,796
501,resnet_pa,3,1,identity,1,animate_011_right.png,animate_008_right.png,797
502,resnet_pa,3,1,identity,1,inanimate_005_right.png,inanimate_008_right.png,804
503,resnet_pa,3,1,identity,1,inanimate_008_left.png,inanimate_003_left.png,806
504,resnet_pa,3,1,identity,1,animate_004_left_pair.png,animate_002_left_pair.png,808
505,resnet_pa,3,1,identity,1,inanimate_001_right_pair.png,inanimate_002_right_pair.png,809
506,resnet_pa,3,1,identity,1,animate_010_left.png,animate_009_left.png,810
507,resnet_pa,3,1,identity,1,inanimate_001_right.png,inanimate_007_right.png,813
508,resnet_pa,3,1,identity,1,animate_011_left_pair.png,animate_010_left_pair.png,814
509,resnet_pa,3,1,identity,1,animate_012_left_pair.png,animate_008_left_pair.png,818
510,resnet_pa,3,1,identity,1,animate_006_right_pair.png,animate_004_right_pair.png,822
511,resnet_pa,3,1,identity,1,inanimate_003_left.png,inanimate_012_left.png,823
512,resnet_pa,3,1,identity,1,animate_001_right.png,animate_007_right.png,825
513,resnet_pa,3,1,identity,1,animate_009_left.png,animate_011_left.png,828
514,resnet_pa,3,1,identity,1,inanimate_004_left.png,inanimate_011_left.png,829
515,resnet_pa,3,1,identity,1,animate_011_right_pair.png,animate_012_right_pair.png,830
516,resnet_pa,3,1,identity,1,inanimate_002_right_pair.png,inanimate_004_right_pair.png,831
517,resnet_pa,3,1,identity,1,inanimate_012_left_pair.png,inanimate_002_left_pair.png,834
518,resnet_pa,3,1,identity,1,inanimate_011_right.png,inanimate_003_right.png,841
519,resnet_pa,3,1,identity,1,animate_007_left.png,animate_003_left.png,842
520,resnet_pa,3,1,identity,1,inanimate_002_left_pair.png,inanimate_008_left_pair.png,843
521,resnet_pa,3,3,identity,6,animate_010_left_pair.png,animate_006_left_pair.png,17
522,resnet_pa,3,3,identity,6,inanimate_010_right.png,inanimate_003_right.png,21
523,resnet_pa,3,3,identity,6,inanimate_012_left_pair.png,inanimate_006_left_pair.png,44
524,resnet_pa,3,3,identity,6,inanimate_010_right.png,inanimate_006_right.png,58
525,resnet_pa,3,3,identity,6,animate_001_left_pair.png,animate_011_left_pair.png,65
526,resnet_pa,3,3,identity,6,animate_002_left.png,animate_006_left.png,74
527,resnet_pa,3,3,identity,6,inanimate_009_right.png,inanimate_012_right.png,76
528,resnet_pa,3,3,identity,6,animate_004_left.png,animate_011_left.png,80
529,resnet_pa,3,3,identity,6,animate_008_right.png,animate_012_right.png,81
530,resnet_pa,3,3,identity,6,inanimate_002_left.png,inanimate_001_left.png,85
531,resnet_pa,3,3,identity,6,inanimate_010_left.png,inanimate_011_left.png,86
532,resnet_pa,3,3,identity,6,inanimate_001_left_pair.png,inanimate_011_left_pair.png,87
533,resnet_pa,3,3,identity,6,animate_006_right.png,animate_009_right.png,96
534,resnet_pa,3,3,identity,6,animate_004_right_pair.png,animate_007_right_pair.png,105
535,resnet_pa,3,3,identity,6,animate_001_left_pair.png,animate_008_left_pair.png,114
536,resnet_pa,3,3,identity,6,animate_007_left_pair.png,animate_009_left_pair.png,119
537,resnet_pa,3,3,identity,6,inanimate_001_left_pair.png,inanimate_005_left_pair.png,121
538,resnet_pa,3,3,identity,6,animate_003_left.png,animate_001_left.png,135
539,resnet_pa,3,3,identity,6,inanimate_012_left_pair.png,inanimate_010_left_pair.png,145
540,resnet_pa,3,3,identity,6,inanimate_004_right_pair.png,inanimate_008_right_pair.png,149
541,resnet_pa,3,3,identity,6,animate_003_right_pair.png,animate_001_right_pair.png,151
542,resnet_pa,3,3,identity,6,inanimate_012_right_pair.png,inanimate_007_right_pair.png,159
543,resnet_pa,3,3,identity,6,inanimate_002_right.png,inanimate_001_right.png,167
544,resnet_pa,3,3,identity,6,inanimate_005_left_pair.png,inanimate_009_left_pair.png,168
545,resnet_pa,3,3,identity,6,inanimate_011_left_pair.png,inanimate_007_left_pair.png,172
546,resnet_pa,3,3,identity,6,inanimate_001_right_pair.png,inanimate_003_right_pair.png,181
547,resnet_pa,3,3,identity,6,inanimate_012_right.png,inanimate_003_right.png,185
548,resnet_pa,3,3,identity,6,inanimate_010_right.png,inanimate_012_right.png,193
549,resnet_pa,3,3,identity,6,animate_005_right_pair.png,animate_009_right_pair.png,200
550,resnet_pa,3,3,identity,6,animate_012_right_pair.png,animate_002_right_pair.png,207
551,resnet_pa,3,3,identity,6,animate_008_right_pair.png,animate_009_right_pair.png,208
552,resnet_pa,3,3,identity,6,inanimate_009_right_pair.png,inanimate_006_right_pair.png,209
553,resnet_pa,3,3,identity,6,inanimate_009_right_pair.png,inanimate_001_right_pair.png,210
554,resnet_pa,3,3,identity,6,animate_008_right.png,animate_003_right.png,213
555,resnet_pa,3,3,identity,6,animate_007_right.png,animate_006_right.png,214
556,resnet_pa,3,3,identity,6,inanimate_008_left.png,inanimate_005_left.png,229
557,resnet_pa,3,3,identity,6,inanimate_009_left_pair.png,inanimate_002_left_pair.png,237
558,resnet_pa,3,3,identity,6,animate_006_right.png,animate_011_right.png,245
559,resnet_pa,3,3,identity,6,animate_012_left_pair.png,animate_005_left_pair.png,247
560,resnet_pa,3,3,identity,6,inanimate_004_left_pair.png,inanimate_003_left_pair.png,252
561,resnet_pa,3,3,identity,6,animate_009_right.png,animate_001_right.png,257
562,resnet_pa,3,3,identity,6,animate_011_left.png,animate_008_left.png,258
563,resnet_pa,3,3,identity,6,inanimate_008_right.png,inanimate_010_right.png,269
564,resnet_pa,3,3,identity,6,animate_001_right.png,animate_005_right.png,270
565,resnet_pa,3,3,identity,6,animate_002_left.png,animate_010_left.png,275
566,resnet_pa,3,3,identity,6,animate_005_right_pair.png,animate_007_right_pair.png,281
567,resnet_pa,3,3,identity,6,animate_002_right_pair.png,animate_007_right_pair.png,282
568,resnet_pa,3,3,identity,6,inanimate_006_right_pair.png,inanimate_002_right_pair.png,283
569,resnet_pa,3,3,identity,6,inanimate_010_left_pair.png,inanimate_009_left_pair.png,285
570,resnet_pa,3,3,identity,6,inanimate_002_left_pair.png,inanimate_012_left_pair.png,287
571,resnet_pa,3,3,identity,6,inanimate_008_right_pair.png,inanimate_004_right_pair.png,289
572,resnet_pa,3,3,identity,6,inanimate_001_right_pair.png,inanimate_010_right_pair.png,290
573,resnet_pa,3,3,identity,6,inanimate_004_left_pair.png,inanimate_011_left_pair.png,292
574,resnet_pa,3,3,identity,6,inanimate_002_right_pair.png,inanimate_011_right_pair.png,302
575,resnet_pa,3,3,identity,6,inanimate_008_left.png,inanimate_007_left.png,308
576,resnet_pa,3,3,identity,6,inanimate_004_right.png,inanimate_007_right.png,310
577,resnet_pa,3,3,identity,6,inanimate_011_right.png,inanimate_004_right.png,311
578,resnet_pa,3,3,identity,6,animate_003_right.png,animate_001_right.png,318
579,resnet_pa,3,3,identity,6,inanimate_008_left_pair.png,inanimate_002_left_pair.png,320
580,resnet_pa,3,3,identity,6,animate_009_right_pair.png,animate_010_right_pair.png,321
581,resnet_pa,3,3,identity,6,inanimate_004_left_pair.png,inanimate_005_left_pair.png,329
582,resnet_pa,3,3,identity,6,inanimate_003_left.png,inanimate_008_left.png,330
583,resnet_pa,3,3,identity,6,animate_001_left_pair.png,animate_006_left_pair.png,332
584,resnet_pa,3,3,identity,6,animate_006_left.png,animate_001_left.png,333
585,resnet_pa,3,3,identity,6,inanimate_003_left_pair.png,inanimate_001_left_pair.png,335
586,resnet_pa,3,3,identity,6,inanimate_002_left_pair.png,inanimate_011_left_pair.png,341
587,resnet_pa,3,3,identity,6,inanimate_011_right_pair.png,inanimate_012_right_pair.png,343
588,resnet_pa,3,3,identity,6,animate_006_right.png,animate_007_right.png,344
589,resnet_pa,3,3,identity,6,animate_002_right.png,animate_011_right.png,347
590,resnet_pa,3,3,identity,6,inanimate_008_left_pair.png,inanimate_009_left_pair.png,352
591,resnet_pa,3,3,identity,6,inanimate_007_left_pair.png,inanimate_006_left_pair.png,353
592,resnet_pa,3,3,identity,6,inanimate_009_left_pair.png,inanimate_011_left_pair.png,359
593,resnet_pa,3,3,identity,6,inanimate_012_right_pair.png,inanimate_006_right_pair.png,362
594,resnet_pa,3,3,identity,6,animate_008_left.png,animate_009_left.png,363
595,resnet_pa,3,3,identity,6,animate_003_left.png,animate_011_left.png,376
596,resnet_pa,3,3,identity,6,inanimate_007_left.png,inanimate_002_left.png,378
597,resnet_pa,3,3,identity,6,inanimate_006_left_pair.png,inanimate_004_left_pair.png,380
598,resnet_pa,3,3,identity,6,animate_011_left_pair.png,animate_001_left_pair.png,381
599,resnet_pa,3,3,identity,6,inanimate_012_right.png,inanimate_005_right.png,386
600,resnet_pa,3,3,identity,6,animate_005_right_pair.png,animate_008_right_pair.png,392
601,resnet_pa,3,3,identity,6,animate_003_left.png,animate_002_left.png,398
602,resnet_pa,3,3,identity,6,inanimate_011_left.png,inanimate_002_left.png,400
603,resnet_pa,3,3,identity,6,animate_001_left.png,animate_002_left.png,405
604,resnet_pa,3,3,identity,6,inanimate_011_left_pair.png,inanimate_002_left_pair.png,408
605,resnet_pa,3,3,identity,6,animate_010_left.png,animate_007_left.png,409
606,resnet_pa,3,3,identity,6,animate_003_right_pair.png,animate_011_right_pair.png,413
607,resnet_pa,3,3,identity,6,animate_003_left_pair.png,animate_008_left_pair.png,414
608,resnet_pa,3,3,identity,6,animate_012_left.png,animate_004_left.png,417
609,resnet_pa,3,3,identity,6,inanimate_007_left.png,inanimate_008_left.png,418
610,resnet_pa,3,3,identity,6,animate_011_right_pair.png,animate_007_right_pair.png,422
611,resnet_pa,3,3,identity,6,animate_008_left_pair.png,animate_002_left_pair.png,426
612,resnet_pa,3,3,identity,6,inanimate_003_right_pair.png,inanimate_007_right_pair.png,427
613,resnet_pa,3,3,identity,6,inanimate_007_left_pair.png,inanimate_008_left_pair.png,428
614,resnet_pa,3,3,identity,6,animate_003_right_pair.png,animate_002_right_pair.png,432
615,resnet_pa,3,3,identity,6,inanimate_001_left_pair.png,inanimate_010_left_pair.png,434
616,resnet_pa,3,3,identity,6,animate_011_left.png,animate_002_left.png,439
617,resnet_pa,3,3,identity,6,inanimate_001_right.png,inanimate_009_right.png,442
618,resnet_pa,3,3,identity,6,inanimate_002_right_pair.png,inanimate_003_right_pair.png,444
619,resnet_pa,3,3,identity,6,inanimate_010_left_pair.png,inanimate_005_left_pair.png,448
620,resnet_pa,3,3,identity,6,inanimate_001_left.png,inanimate_004_left.png,456
621,resnet_pa,3,3,identity,6,animate_006_left_pair.png,animate_002_left_pair.png,458
622,resnet_pa,3,3,identity,6,animate_009_left_pair.png,animate_006_left_pair.png,459
623,resnet_pa,3,3,identity,6,inanimate_012_left.png,inanimate_001_left.png,460
624,resnet_pa,3,3,identity,6,animate_001_left_pair.png,animate_009_left_pair.png,461
625,resnet_pa,3,3,identity,6,inanimate_004_left_pair.png,inanimate_009_left_pair.png,465
626,resnet_pa,3,3,identity,6,animate_001_left.png,animate_003_left.png,468
627,resnet_pa,3,3,identity,6,animate_011_right.png,animate_012_right.png,469
628,resnet_pa,3,3,identity,6,inanimate_005_left.png,inanimate_007_left.png,470
629,resnet_pa,3,3,identity,6,inanimate_012_left.png,inanimate_007_left.png,471
630,resnet_pa,3,3,identity,6,inanimate_004_left_pair.png,inanimate_006_left_pair.png,472
631,resnet_pa,3,3,identity,6,animate_005_left_pair.png,animate_001_left_pair.png,476
632,resnet_pa,3,3,identity,6,animate_003_left.png,animate_012_left.png,477
633,resnet_pa,3,3,identity,6,inanimate_004_right_pair.png,inanimate_006_right_pair.png,478
634,resnet_pa,3,3,identity,6,inanimate_005_left.png,inanimate_001_left.png,481
635,resnet_pa,3,3,identity,6,animate_010_right_pair.png,animate_012_right_pair.png,489
636,resnet_pa,3,3,identity,6,animate_007_left.png,animate_005_left.png,490
637,resnet_pa,3,3,identity,6,animate_001_left_pair.png,animate_005_left_pair.png,492
638,resnet_pa,3,3,identity,6,animate_001_left.png,animate_004_left.png,494
639,resnet_pa,3,3,identity,6,inanimate_009_right.png,inanimate_001_right.png,498
640,resnet_pa,3,3,identity,6,animate_001_left_pair.png,animate_002_left_pair.png,512
641,resnet_pa,3,3,identity,6,animate_002_right.png,animate_003_right.png,515
642,resnet_pa,3,3,identity,6,animate_001_left.png,animate_007_left.png,518
643,resnet_pa,3,3,identity,6,animate_001_right_pair.png,animate_005_right_pair.png,520
644,resnet_pa,3,3,identity,6,inanimate_005_right_pair.png,inanimate_006_right_pair.png,521
645,resnet_pa,3,3,identity,6,animate_009_right.png,animate_010_right.png,523
646,resnet_pa,3,3,identity,6,animate_003_right_pair.png,animate_004_right_pair.png,524
647,resnet_pa,3,3,identity,6,inanimate_003_right.png,inanimate_011_right.png,526
648,resnet_pa,3,3,identity,6,animate_011_left.png,animate_007_left.png,528
649,resnet_pa,3,3,identity,6,inanimate_012_left_pair.png,inanimate_008_left_pair.png,532
650,resnet_pa,3,3,identity,6,animate_010_right.png,animate_003_right.png,533
651,resnet_pa,3,3,identity,6,animate_004_left_pair.png,animate_003_left_pair.png,536
652,resnet_pa,3,3,identity,6,inanimate_005_right_pair.png,inanimate_001_right_pair.png,537
653,resnet_pa,3,3,identity,6,inanimate_006_left.png,inanimate_011_left.png,539
654,resnet_pa,3,3,identity,6,inanimate_008_left_pair.png,inanimate_012_left_pair.png,544
655,resnet_pa,3,3,identity,6,animate_011_left.png,animate_004_left.png,545
656,resnet_pa,3,3,identity,6,inanimate_011_right.png,inanimate_008_right.png,547
657,resnet_pa,3,3,identity,6,inanimate_003_right_pair.png,inanimate_004_right_pair.png,550
658,resnet_pa,3,3,identity,6,inanimate_003_left_pair.png,inanimate_007_left_pair.png,551
659,resnet_pa,3,3,identity,6,inanimate_007_left.png,inanimate_009_left.png,553
660,resnet_pa,3,3,identity,6,animate_003_left.png,animate_010_left.png,554
661,resnet_pa,3,3,identity,6,animate_009_left.png,animate_008_left.png,555
662,resnet_pa,3,3,identity,6,animate_004_left_pair.png,animate_001_left_pair.png,556
663,resnet_pa,3,3,identity,6,inanimate_010_left_pair.png,inanimate_001_left_pair.png,557
664,resnet_pa,3,3,identity,6,inanimate_011_left.png,inanimate_007_left.png,561
665,resnet_pa,3,3,identity,6,animate_002_right.png,animate_010_right.png,562
666,resnet_pa,3,3,identity,6,inanimate_002_left_pair.png,inanimate_007_left_pair.png,566
667,resnet_pa,3,3,identity,6,animate_010_left_pair.png,animate_011_left_pair.png,570
668,resnet_pa,3,3,identity,6,animate_008_left.png,animate_010_left.png,573
669,resnet_pa,3,3,identity,6,animate_004_right_pair.png,animate_006_right_pair.png,576
670,resnet_pa,3,3,identity,6,inanimate_011_right.png,inanimate_009_right.png,577
671,resnet_pa,3,3,identity,6,inanimate_002_right_pair.png,inanimate_012_right_pair.png,580
672,resnet_pa,3,3,identity,6,animate_012_right_pair.png,animate_007_right_pair.png,581
673,resnet_pa,3,3,identity,6,animate_008_left.png,animate_002_left.png,582
674,resnet_pa,3,3,identity,6,inanimate_002_right.png,inanimate_003_right.png,587
675,resnet_pa,3,3,identity,6,animate_010_left.png,animate_003_left.png,591
676,resnet_pa,3,3,identity,6,animate_010_right_pair.png,animate_006_right_pair.png,593
677,resnet_pa,3,3,identity,6,inanimate_010_right_pair.png,inanimate_006_right_pair.png,601
678,resnet_pa,3,3,identity,6,animate_012_right_pair.png,animate_004_right_pair.png,602
679,resnet_pa,3,3,identity,6,animate_010_right.png,animate_008_right.png,603
680,resnet_pa,3,3,identity,6,animate_006_left.png,animate_007_left.png,606
681,resnet_pa,3,3,identity,6,inanimate_009_left.png,inanimate_003_left.png,607
682,resnet_pa,3,3,identity,6,animate_011_right.png,animate_009_right.png,608
683,resnet_pa,3,3,identity,6,inanimate_006_left.png,inanimate_010_left.png,610
684,resnet_pa,3,3,identity,6,animate_006_right.png,animate_008_right.png,612
685,resnet_pa,3,3,identity,6,inanimate_001_right.png,inanimate_006_right.png,616
686,resnet_pa,3,3,identity,6,animate_010_right_pair.png,animate_008_right_pair.png,617
687,resnet_pa,3,3,identity,6,inanimate_004_right.png,inanimate_003_right.png,618
688,resnet_pa,3,3,identity,6,animate_006_left.png,animate_009_left.png,622
689,resnet_pa,3,3,identity,6,inanimate_004_left_pair.png,inanimate_008_left_pair.png,623
690,resnet_pa,3,3,identity,6,animate_008_right.png,animate_007_right.png,624
691,resnet_pa,3,3,identity,6,inanimate_005_right.png,inanimate_007_right.png,628
692,resnet_pa,3,3,identity,6,inanimate_005_left_pair.png,inanimate_008_left_pair.png,630
693,resnet_pa,3,3,identity,6,inanimate_004_left.png,inanimate_010_left.png,631
694,resnet_pa,3,3,identity,6,animate_004_right.png,animate_008_right.png,633
695,resnet_pa,3,3,identity,6,animate_009_left_pair.png,animate_011_left_pair.png,637
696,resnet_pa,3,3,identity,6,inanimate_012_right_pair.png,inanimate_008_right_pair.png,638
697,resnet_pa,3,3,identity,6,inanimate_009_left_pair.png,inanimate_007_left_pair.png,640
698,resnet_pa,3,3,identity,6,animate_012_right_pair.png,animate_003_right_pair.png,641
699,resnet_pa,3,3,identity,6,animate_003_right.png,animate_006_right.png,642
700,resnet_pa,3,3,identity,6,animate_008_left_pair.png,animate_005_left_pair.png,645
701,resnet_pa,3,3,identity,6,inanimate_004_left.png,inanimate_003_left.png,648
702,resnet_pa,3,3,identity,6,animate_003_right.png,animate_002_right.png,651
703,resnet_pa,3,3,identity,6,animate_010_right_pair.png,animate_004_right_pair.png,653
704,resnet_pa,3,3,identity,6,inanimate_008_right.png,inanimate_003_right.png,654
705,resnet_pa,3,3,identity,6,animate_012_left_pair.png,animate_010_left_pair.png,656
706,resnet_pa,3,3,identity,6,animate_011_right_pair.png,animate_002_right_pair.png,657
707,resnet_pa,3,3,identity,6,inanimate_009_left_pair.png,inanimate_005_left_pair.png,658
708,resnet_pa,3,3,identity,6,inanimate_001_right.png,inanimate_010_right.png,659
709,resnet_pa,3,3,identity,6,animate_004_left_pair.png,animate_005_left_pair.png,662
710,resnet_pa,3,3,identity,6,inanimate_005_right.png,inanimate_003_right.png,665
711,resnet_pa,3,3,identity,6,animate_005_left_pair.png,animate_010_left_pair.png,671
712,resnet_pa,3,3,identity,6,animate_010_right.png,animate_012_right.png,672
713,resnet_pa,3,3,identity,6,animate_008_left_pair.png,animate_009_left_pair.png,677
714,resnet_pa,3,3,identity,6,animate_009_right_pair.png,animate_012_right_pair.png,679
715,resnet_pa,3,3,identity,6,animate_002_left_pair.png,animate_001_left_pair.png,687
716,resnet_pa,3,3,identity,6,animate_001_left.png,animate_006_left.png,690
717,resnet_pa,3,3,identity,6,animate_005_left.png,animate_004_left.png,692
718,resnet_pa,3,3,identity,6,inanimate_012_right.png,inanimate_007_right.png,695
719,resnet_pa,3,3,identity,6,animate_009_right_pair.png,animate_002_right_pair.png,696
720,resnet_pa,3,3,identity,6,inanimate_003_left.png,inanimate_001_left.png,697
721,resnet_pa,3,3,identity,6,animate_003_left_pair.png,animate_002_left_pair.png,698
722,resnet_pa,3,3,identity,6,animate_006_right.png,animate_012_right.png,700
723,resnet_pa,3,3,identity,6,inanimate_002_left.png,inanimate_011_left.png,701
724,resnet_pa,3,3,identity,6,animate_011_left_pair.png,animate_003_left_pair.png,704
725,resnet_pa,3,3,identity,6,inanimate_011_right_pair.png,inanimate_005_right_pair.png,707
726,resnet_pa,3,3,identity,6,inanimate_002_left.png,inanimate_012_left.png,709
727,resnet_pa,3,3,identity,6,inanimate_004_right_pair.png,inanimate_011_right_pair.png,710
728,resnet_pa,3,3,identity,6,inanimate_012_right.png,inanimate_008_right.png,711
729,resnet_pa,3,3,identity,6,inanimate_006_right.png,inanimate_001_right.png,713
730,resnet_pa,3,3,identity,6,inanimate_005_left.png,inanimate_009_left.png,715
731,resnet_pa,3,3,identity,6,animate_011_left.png,animate_009_left.png,718
732,resnet_pa,3,3,identity,6,animate_005_left.png,animate_006_left.png,720
733,resnet_pa,3,3,identity,6,inanimate_011_left_pair.png,inanimate_009_left_pair.png,721
734,resnet_pa,3,3,identity,6,animate_007_left_pair.png,animate_006_left_pair.png,724
735,resnet_pa,3,3,identity,6,animate_003_left.png,animate_006_left.png,726
736,resnet_pa,3,3,identity,6,inanimate_007_left.png,inanimate_006_left.png,727
737,resnet_pa,3,3,identity,6,inanimate_006_left_pair.png,inanimate_008_left_pair.png,733
738,resnet_pa,3,3,identity,6,animate_012_right_pair.png,animate_009_right_pair.png,734
739,resnet_pa,3,3,identity,6,inanimate_009_left.png,inanimate_001_left.png,736
740,resnet_pa,3,3,identity,6,animate_012_left.png,animate_003_left.png,738
741,resnet_pa,3,3,identity,6,inanimate_010_right_pair.png,inanimate_011_right_pair.png,742
742,resnet_pa,3,3,identity,6,inanimate_008_right_pair.png,inanimate_010_right_pair.png,743
743,resnet_pa,3,3,identity,6,animate_009_right.png,animate_012_right.png,746
744,resnet_pa,3,3,identity,6,inanimate_011_right.png,inanimate_007_right.png,748
745,resnet_pa,3,3,identity,6,animate_001_right.png,animate_002_right.png,755
746,resnet_pa,3,3,identity,6,animate_007_right.png,animate_010_right.png,756
747,resnet_pa,3,3,identity,6,animate_006_left.png,animate_010_left.png,757
748,resnet_pa,3,3,identity,6,animate_002_right_pair.png,animate_008_right_pair.png,758
749,resnet_pa,3,3,identity,6,inanimate_005_left.png,inanimate_011_left.png,759
750,resnet_pa,3,3,identity,6,inanimate_006_left.png,inanimate_002_left.png,760
751,resnet_pa,3,3,identity,6,inanimate_006_right_pair.png,inanimate_010_right_pair.png,761
752,resnet_pa,3,3,identity,6,inanimate_012_right.png,inanimate_009_right.png,762
753,resnet_pa,3,3,identity,6,inanimate_006_right_pair.png,inanimate_001_right_pair.png,765
754,resnet_pa,3,3,identity,6,animate_007_right_pair.png,animate_003_right_pair.png,766
755,resnet_pa,3,3,identity,6,inanimate_012_left.png,inanimate_005_left.png,767
756,resnet_pa,3,3,identity,6,inanimate_007_left_pair.png,inanimate_011_left_pair.png,769
757,resnet_pa,3,3,identity,6,inanimate_007_left.png,inanimate_011_left.png,770
758,resnet_pa,3,3,identity,6,animate_008_left_pair.png,animate_010_left_pair.png,772
759,resnet_pa,3,3,identity,6,inanimate_001_left_pair.png,inanimate_003_left_pair.png,774
760,resnet_pa,3,3,identity,6,animate_003_left_pair.png,animate_011_left_pair.png,778
761,resnet_pa,3,3,identity,6,inanimate_005_right.png,inanimate_009_right.png,779
762,resnet_pa,3,3,identity,6,animate_008_right.png,animate_010_right.png,780
763,resnet_pa,3,3,identity,6,animate_006_right_pair.png,animate_011_right_pair.png,786
764,resnet_pa,3,3,identity,6,inanimate_011_right_pair.png,inanimate_002_right_pair.png,787
765,resnet_pa,3,3,identity,6,inanimate_005_left.png,inanimate_003_left.png,788
766,resnet_pa,3,3,identity,6,animate_011_right_pair.png,animate_006_right_pair.png,791
767,resnet_pa,3,3,identity,6,animate_001_right_pair.png,animate_007_right_pair.png,792
768,resnet_pa,3,3,identity,6,animate_008_left.png,animate_001_left.png,794
769,resnet_pa,3,3,identity,6,inanimate_011_left.png,inanimate_006_left.png,796
770,resnet_pa,3,3,identity,6,animate_011_right.png,animate_008_right.png,797
771,resnet_pa,3,3,identity,6,inanimate_005_right.png,inanimate_008_right.png,804
772,resnet_pa,3,3,identity,6,inanimate_008_left.png,inanimate_003_left.png,806
773,resnet_pa,3,3,identity,6,animate_004_left_pair.png,animate_002_left_pair.png,808
774,resnet_pa,3,3,identity,6,inanimate_001_right_pair.png,inanimate_002_right_pair.png,809
775,resnet_pa,3,3,identity,6,animate_010_left.png,animate_009_left.png,810
776,resnet_pa,3,3,identity,6,inanimate_001_right.png,inanimate_007_right.png,813
777,resnet_pa,3,3,identity,6,animate_011_left_pair.png,animate_010_left_pair.png,814
778,resnet_pa,3,3,identity,6,animate_012_left_pair.png,animate_008_left_pair.png,818
779,resnet_pa,3,3,identity,6,animate_006_right_pair.png,animate_004_right_pair.png,822
780,resnet_pa,3,3,identity,6,inanimate_003_left.png,inanimate_012_left.png,823
781,resnet_pa,3,3,identity,6,animate_001_right.png,animate_007_right.png,825
782,resnet_pa,3,3,identity,6,animate_009_left.png,animate_011_left.png,828
783,resnet_pa,3,3,identity,6,inanimate_004_left.png,inanimate_011_left.png,829
784,resnet_pa,3,3,identity,6,animate_011_right_pair.png,animate_012_right_pair.png,830
785,resnet_pa,3,3,identity,6,inanimate_002_right_pair.png,inanimate_004_right_pair.png,831
786,resnet_pa,3,3,identity,6,inanimate_012_left_pair.png,inanimate_002_left_pair.png,834
787,resnet_pa,3,3,identity,6,inanimate_011_right.png,inanimate_003_right.png,841
788,resnet_pa,3,3,identity,6,animate_007_left.png,animate_003_left.png,842
789,resnet_pa,3,3,identity,6,inanimate_002_left_pair.png,inanimate_008_left_pair.png,843
790,resnet_pa,3,5,identity,11,animate_010_left_pair.png,animate_006_left_pair.png,17
791,resnet_pa,3,5,identity,11,inanimate_010_right.png,inanimate_003_right.png,21
792,resnet_pa,3,5,identity,11,inanimate_012_left_pair.png,inanimate_006_left_pair.png,44
793,resnet_pa,3,5,identity,11,inanimate_010_right.png,inanimate_006_right.png,58
794,resnet_pa,3,5,identity,11,animate_001_left_pair.png,animate_011_left_pair.png,65
795,resnet_pa,3,5,identity,11,animate_002_left.png,animate_006_left.png,74
796,resnet_pa,3,5,identity,11,inanimate_009_right.png,inanimate_012_right.png,76
797,resnet_pa,3,5,identity,11,animate_004_left.png,animate_011_left.png,80
798,resnet_pa,3,5,identity,11,animate_008_right.png,animate_012_right.png,81
799,resnet_pa,3,5,identity,11,inanimate_002_left.png,inanimate_001_left.png,85
800,resnet_pa,3,5,identity,11,inanimate_010_left.png,inanimate_011_left.png,86
801,resnet_pa,3,5,identity,11,inanimate_001_left_pair.png,inanimate_011_left_pair.png,87
802,resnet_pa,3,5,identity,11,animate_006_right.png,animate_009_right.png,96
803,resnet_pa,3,5,identity,11,animate_004_right_pair.png,animate_007_right_pair.png,105
804,resnet_pa,3,5,identity,11,animate_001_left_pair.png,animate_008_left_pair.png,114
805,resnet_pa,3,5,identity,11,animate_007_left_pair.png,animate_009_left_pair.png,119
806,resnet_pa,3,5,identity,11,inanimate_001_left_pair.png,inanimate_005_left_pair.png,121
807,resnet_pa,3,5,identity,11,animate_003_left.png,animate_001_left.png,135
808,resnet_pa,3,5,identity,11,inanimate_012_left_pair.png,inanimate_010_left_pair.png,145
809,resnet_pa,3,5,identity,11,inanimate_004_right_pair.png,inanimate_008_right_pair.png,149
810,resnet_pa,3,5,identity,11,animate_003_right_pair.png,animate_001_right_pair.png,151
811,resnet_pa,3,5,identity,11,inanimate_012_right_pair.png,inanimate_007_right_pair.png,159
812,resnet_pa,3,5,identity,11,inanimate_002_right.png,inanimate_001_right.png,167
813,resnet_pa,3,5,identity,11,inanimate_005_left_pair.png,inanimate_009_left_pair.png,168
814,resnet_pa,3,5,identity,11,inanimate_011_left_pair.png,inanimate_007_left_pair.png,172
815,resnet_pa,3,5,identity,11,inanimate_001_right_pair.png,inanimate_003_right_pair.png,181
816,resnet_pa,3,5,identity,11,inanimate_012_right.png,inanimate_003_right.png,185
817,resnet_pa,3,5,identity,11,inanimate_010_right.png,inanimate_012_right.png,193
818,resnet_pa,3,5,identity,11,animate_005_right_pair.png,animate_009_right_pair.png,200
819,resnet_pa,3,5,identity,11,animate_012_right_pair.png,animate_002_right_pair.png,207
820,resnet_pa,3,5,identity,11,animate_008_right_pair.png,animate_009_right_pair.png,208
821,resnet_pa,3,5,identity,11,inanimate_009_right_pair.png,inanimate_006_right_pair.png,209
822,resnet_pa,3,5,identity,11,inanimate_009_right_pair.png,inanimate_001_right_pair.png,210
823,resnet_pa,3,5,identity,11,animate_008_right.png,animate_003_right.png,213
824,resnet_pa,3,5,identity,11,animate_007_right.png,animate_006_right.png,214
825,resnet_pa,3,5,identity,11,inanimate_008_left.png,inanimate_005_left.png,229
826,resnet_pa,3,5,identity,11,inanimate_009_left_pair.png,inanimate_002_left_pair.png,237
827,resnet_pa,3,5,identity,11,animate_006_right.png,animate_011_right.png,245
828,resnet_pa,3,5,identity,11,animate_012_left_pair.png,animate_005_left_pair.png,247
829,resnet_pa,3,5,identity,11,inanimate_004_left_pair.png,inanimate_003_left_pair.png,252
830,resnet_pa,3,5,identity,11,animate_009_right.png,animate_001_right.png,257
831,resnet_pa,3,5,identity,11,animate_011_left.png,animate_008_left.png,258
832,resnet_pa,3,5,identity,11,inanimate_008_right.png,inanimate_010_right.png,269
833,resnet_pa,3,5,identity,11,animate_001_right.png,animate_005_right.png,270
834,resnet_pa,3,5,identity,11,animate_002_left.png,animate_010_left.png,275
835,resnet_pa,3,5,identity,11,animate_005_right_pair.png,animate_007_right_pair.png,281
836,resnet_pa,3,5,identity,11,animate_002_right_pair.png,animate_007_right_pair.png,282
837,resnet_pa,3,5,identity,11,inanimate_006_right_pair.png,inanimate_002_right_pair.png,283
838,resnet_pa,3,5,identity,11,inanimate_010_left_pair.png,inanimate_009_left_pair.png,285
839,resnet_pa,3,5,identity,11,inanimate_002_left_pair.png,inanimate_012_left_pair.png,287
840,resnet_pa,3,5,identity,11,inanimate_008_right_pair.png,inanimate_004_right_pair.png,289
841,resnet_pa,3,5,identity,11,inanimate_001_right_pair.png,inanimate_010_right_pair.png,290
842,resnet_pa,3,5,identity,11,inanimate_004_left_pair.png,inanimate_011_left_pair.png,292
843,resnet_pa,3,5,identity,11,inanimate_002_right_pair.png,inanimate_011_right_pair.png,302
844,resnet_pa,3,5,identity,11,inanimate_008_left.png,inanimate_007_left.png,308
845,resnet_pa,3,5,identity,11,inanimate_004_right.png,inanimate_007_right.png,310
846,resnet_pa,3,5,identity,11,inanimate_011_right.png,inanimate_004_right.png,311
847,resnet_pa,3,5,identity,11,animate_003_right.png,animate_001_right.png,318
848,resnet_pa,3,5,identity,11,inanimate_008_left_pair.png,inanimate_002_left_pair.png,320
849,resnet_pa,3,5,identity,11,animate_009_right_pair.png,animate_010_right_pair.png,321
850,resnet_pa,3,5,identity,11,inanimate_004_left_pair.png,inanimate_005_left_pair.png,329
851,resnet_pa,3,5,identity,11,inanimate_003_left.png,inanimate_008_left.png,330
852,resnet_pa,3,5,identity,11,animate_001_left_pair.png,animate_006_left_pair.png,332
853,resnet_pa,3,5,identity,11,animate_006_left.png,animate_001_left.png,333
854,resnet_pa,3,5,identity,11,inanimate_003_left_pair.png,inanimate_001_left_pair.png,335
855,resnet_pa,3,5,identity,11,inanimate_002_left_pair.png,inanimate_011_left_pair.png,341
856,resnet_pa,3,5,identity,11,inanimate_011_right_pair.png,inanimate_012_right_pair.png,343
857,resnet_pa,3,5,identity,11,animate_006_right.png,animate_007_right.png,344
858,resnet_pa,3,5,identity,11,animate_002_right.png,animate_011_right.png,347
859,resnet_pa,3,5,identity,11,inanimate_008_left_pair.png,inanimate_009_left_pair.png,352
860,resnet_pa,3,5,identity,11,inanimate_007_left_pair.png,inanimate_006_left_pair.png,353
861,resnet_pa,3,5,identity,11,inanimate_009_left_pair.png,inanimate_011_left_pair.png,359
862,resnet_pa,3,5,identity,11,inanimate_012_right_pair.png,inanimate_006_right_pair.png,362
863,resnet_pa,3,5,identity,11,animate_008_left.png,animate_009_left.png,363
864,resnet_pa,3,5,identity,11,animate_003_left.png,animate_011_left.png,376
865,resnet_pa,3,5,identity,11,inanimate_007_left.png,inanimate_002_left.png,378
866,resnet_pa,3,5,identity,11,inanimate_006_left_pair.png,inanimate_004_left_pair.png,380
867,resnet_pa,3,5,identity,11,animate_011_left_pair.png,animate_001_left_pair.png,381
868,resnet_pa,3,5,identity,11,inanimate_012_right.png,inanimate_005_right.png,386
869,resnet_pa,3,5,identity,11,animate_005_right_pair.png,animate_008_right_pair.png,392
870,resnet_pa,3,5,identity,11,animate_003_left.png,animate_002_left.png,398
871,resnet_pa,3,5,identity,11,inanimate_011_left.png,inanimate_002_left.png,400
872,resnet_pa,3,5,identity,11,animate_001_left.png,animate_002_left.png,405
873,resnet_pa,3,5,identity,11,inanimate_011_left_pair.png,inanimate_002_left_pair.png,408
874,resnet_pa,3,5,identity,11,animate_010_left.png,animate_007_left.png,409
875,resnet_pa,3,5,identity,11,animate_003_right_pair.png,animate_011_right_pair.png,413
876,resnet_pa,3,5,identity,11,animate_003_left_pair.png,animate_008_left_pair.png,414
877,resnet_pa,3,5,identity,11,animate_012_left.png,animate_004_left.png,417
878,resnet_pa,3,5,identity,11,inanimate_007_left.png,inanimate_008_left.png,418
879,resnet_pa,3,5,identity,11,animate_011_right_pair.png,animate_007_right_pair.png,422
880,resnet_pa,3,5,identity,11,animate_008_left_pair.png,animate_002_left_pair.png,426
881,resnet_pa,3,5,identity,11,inanimate_003_right_pair.png,inanimate_007_right_pair.png,427
882,resnet_pa,3,5,identity,11,inanimate_007_left_pair.png,inanimate_008_left_pair.png,428
883,resnet_pa,3,5,identity,11,animate_003_right_pair.png,animate_002_right_pair.png,432
884,resnet_pa,3,5,identity,11,inanimate_001_left_pair.png,inanimate_010_left_pair.png,434
885,resnet_pa,3,5,identity,11,animate_011_left.png,animate_002_left.png,439
886,resnet_pa,3,5,identity,11,inanimate_001_right.png,inanimate_009_right.png,442
887,resnet_pa,3,5,identity,11,inanimate_002_right_pair.png,inanimate_003_right_pair.png,444
888,resnet_pa,3,5,identity,11,inanimate_010_left_pair.png,inanimate_005_left_pair.png,448
889,resnet_pa,3,5,identity,11,inanimate_001_left.png,inanimate_004_left.png,456
890,resnet_pa,3,5,identity,11,animate_006_left_pair.png,animate_002_left_pair.png,458
891,resnet_pa,3,5,identity,11,animate_009_left_pair.png,animate_006_left_pair.png,459
892,resnet_pa,3,5,identity,11,inanimate_012_left.png,inanimate_001_left.png,460
893,resnet_pa,3,5,identity,11,animate_001_left_pair.png,animate_009_left_pair.png,461
894,resnet_pa,3,5,identity,11,inanimate_004_left_pair.png,inanimate_009_left_pair.png,465
895,resnet_pa,3,5,identity,11,animate_001_left.png,animate_003_left.png,468
896,resnet_pa,3,5,identity,11,animate_011_right.png,animate_012_right.png,469
897,resnet_pa,3,5,identity,11,inanimate_005_left.png,inanimate_007_left.png,470
898,resnet_pa,3,5,identity,11,inanimate_012_left.png,inanimate_007_left.png,471
899,resnet_pa,3,5,identity,11,inanimate_004_left_pair.png,inanimate_006_left_pair.png,472
900,resnet_pa,3,5,identity,11,animate_005_left_pair.png,animate_001_left_pair.png,476
901,resnet_pa,3,5,identity,11,animate_003_left.png,animate_012_left.png,477
902,resnet_pa,3,5,identity,11,inanimate_004_right_pair.png,inanimate_006_right_pair.png,478
903,resnet_pa,3,5,identity,11,inanimate_005_left.png,inanimate_001_left.png,481
904,resnet_pa,3,5,identity,11,animate_010_right_pair.png,animate_012_right_pair.png,489
905,resnet_pa,3,5,identity,11,animate_007_left.png,animate_005_left.png,490
906,resnet_pa,3,5,identity,11,animate_001_left_pair.png,animate_005_left_pair.png,492
907,resnet_pa,3,5,identity,11,animate_001_left.png,animate_004_left.png,494
908,resnet_pa,3,5,identity,11,inanimate_009_right.png,inanimate_001_right.png,498
909,resnet_pa,3,5,identity,11,animate_001_left_pair.png,animate_002_left_pair.png,512
910,resnet_pa,3,5,identity,11,animate_002_right.png,animate_003_right.png,515
911,resnet_pa,3,5,identity,11,animate_001_left.png,animate_007_left.png,518
912,resnet_pa,3,5,identity,11,animate_001_right_pair.png,animate_005_right_pair.png,520
913,resnet_pa,3,5,identity,11,inanimate_005_right_pair.png,inanimate_006_right_pair.png,521
914,resnet_pa,3,5,identity,11,animate_009_right.png,animate_010_right.png,523
915,resnet_pa,3,5,identity,11,animate_003_right_pair.png,animate_004_right_pair.png,524
916,resnet_pa,3,5,identity,11,inanimate_003_right.png,inanimate_011_right.png,526
917,resnet_pa,3,5,identity,11,animate_011_left.png,animate_007_left.png,528
918,resnet_pa,3,5,identity,11,inanimate_012_left_pair.png,inanimate_008_left_pair.png,532
919,resnet_pa,3,5,identity,11,animate_010_right.png,animate_003_right.png,533
920,resnet_pa,3,5,identity,11,animate_004_left_pair.png,animate_003_left_pair.png,536
921,resnet_pa,3,5,identity,11,inanimate_005_right_pair.png,inanimate_001_right_pair.png,537
922,resnet_pa,3,5,identity,11,inanimate_006_left.png,inanimate_011_left.png,539
923,resnet_pa,3,5,identity,11,inanimate_008_left_pair.png,inanimate_012_left_pair.png,544
924,resnet_pa,3,5,identity,11,animate_011_left.png,animate_004_left.png,545
925,resnet_pa,3,5,identity,11,inanimate_011_right.png,inanimate_008_right.png,547
926,resnet_pa,3,5,identity,11,inanimate_003_right_pair.png,inanimate_004_right_pair.png,550
927,resnet_pa,3,5,identity,11,inanimate_003_left_pair.png,inanimate_007_left_pair.png,551
928,resnet_pa,3,5,identity,11,inanimate_007_left.png,inanimate_009_left.png,553
929,resnet_pa,3,5,identity,11,animate_003_left.png,animate_010_left.png,554
930,resnet_pa,3,5,identity,11,animate_009_left.png,animate_008_left.png,555
931,resnet_pa,3,5,identity,11,animate_004_left_pair.png,animate_001_left_pair.png,556
932,resnet_pa,3,5,identity,11,inanimate_010_left_pair.png,inanimate_001_left_pair.png,557
933,resnet_pa,3,5,identity,11,inanimate_011_left.png,inanimate_007_left.png,561
934,resnet_pa,3,5,identity,11,animate_002_right.png,animate_010_right.png,562
935,resnet_pa,3,5,identity,11,inanimate_002_left_pair.png,inanimate_007_left_pair.png,566
936,resnet_pa,3,5,identity,11,animate_010_left_pair.png,animate_011_left_pair.png,570
937,resnet_pa,3,5,identity,11,animate_008_left.png,animate_010_left.png,573
938,resnet_pa,3,5,identity,11,animate_004_right_pair.png,animate_006_right_pair.png,576
939,resnet_pa,3,5,identity,11,inanimate_011_right.png,inanimate_009_right.png,577
940,resnet_pa,3,5,identity,11,inanimate_002_right_pair.png,inanimate_012_right_pair.png,580
941,resnet_pa,3,5,identity,11,animate_012_right_pair.png,animate_007_right_pair.png,581
942,resnet_pa,3,5,identity,11,animate_008_left.png,animate_002_left.png,582
943,resnet_pa,3,5,identity,11,inanimate_002_right.png,inanimate_003_right.png,587
944,resnet_pa,3,5,identity,11,animate_010_left.png,animate_003_left.png,591
945,resnet_pa,3,5,identity,11,animate_010_right_pair.png,animate_006_right_pair.png,593
946,resnet_pa,3,5,identity,11,inanimate_010_right_pair.png,inanimate_006_right_pair.png,601
947,resnet_pa,3,5,identity,11,animate_012_right_pair.png,animate_004_right_pair.png,602
948,resnet_pa,3,5,identity,11,animate_010_right.png,animate_008_right.png,603
949,resnet_pa,3,5,identity,11,animate_006_left.png,animate_007_left.png,606
950,resnet_pa,3,5,identity,11,inanimate_009_left.png,inanimate_003_left.png,607
951,resnet_pa,3,5,identity,11,animate_011_right.png,animate_009_right.png,608
952,resnet_pa,3,5,identity,11,inanimate_006_left.png,inanimate_010_left.png,610
953,resnet_pa,3,5,identity,11,animate_006_right.png,animate_008_right.png,612
954,resnet_pa,3,5,identity,11,inanimate_001_right.png,inanimate_006_right.png,616
955,resnet_pa,3,5,identity,11,animate_010_right_pair.png,animate_008_right_pair.png,617
956,resnet_pa,3,5,identity,11,inanimate_004_right.png,inanimate_003_right.png,618
957,resnet_pa,3,5,identity,11,animate_006_left.png,animate_009_left.png,622
958,resnet_pa,3,5,identity,11,inanimate_004_left_pair.png,inanimate_008_left_pair.png,623
959,resnet_pa,3,5,identity,11,animate_008_right.png,animate_007_right.png,624
960,resnet_pa,3,5,identity,11,inanimate_005_right.png,inanimate_007_right.png,628
961,resnet_pa,3,5,identity,11,inanimate_005_left_pair.png,inanimate_008_left_pair.png,630
962,resnet_pa,3,5,identity,11,inanimate_004_left.png,inanimate_010_left.png,631
963,resnet_pa,3,5,identity,11,animate_004_right.png,animate_008_right.png,633
964,resnet_pa,3,5,identity,11,animate_009_left_pair.png,animate_011_left_pair.png,637
965,resnet_pa,3,5,identity,11,inanimate_012_right_pair.png,inanimate_008_right_pair.png,638
966,resnet_pa,3,5,identity,11,inanimate_009_left_pair.png,inanimate_007_left_pair.png,640
967,resnet_pa,3,5,identity,11,animate_012_right_pair.png,animate_003_right_pair.png,641
968,resnet_pa,3,5,identity,11,animate_003_right.png,animate_006_right.png,642
969,resnet_pa,3,5,identity,11,animate_008_left_pair.png,animate_005_left_pair.png,645
970,resnet_pa,3,5,identity,11,inanimate_004_left.png,inanimate_003_left.png,648
971,resnet_pa,3,5,identity,11,animate_003_right.png,animate_002_right.png,651
972,resnet_pa,3,5,identity,11,animate_010_right_pair.png,animate_004_right_pair.png,653
973,resnet_pa,3,5,identity,11,inanimate_008_right.png,inanimate_003_right.png,654
974,resnet_pa,3,5,identity,11,animate_012_left_pair.png,animate_010_left_pair.png,656
975,resnet_pa,3,5,identity,11,animate_011_right_pair.png,animate_002_right_pair.png,657
976,resnet_pa,3,5,identity,11,inanimate_009_left_pair.png,inanimate_005_left_pair.png,658
977,resnet_pa,3,5,identity,11,inanimate_001_right.png,inanimate_010_right.png,659
978,resnet_pa,3,5,identity,11,animate_004_left_pair.png,animate_005_left_pair.png,662
979,resnet_pa,3,5,identity,11,inanimate_005_right.png,inanimate_003_right.png,665
980,resnet_pa,3,5,identity,11,animate_005_left_pair.png,animate_010_left_pair.png,671
981,resnet_pa,3,5,identity,11,animate_010_right.png,animate_012_right.png,672
982,resnet_pa,3,5,identity,11,animate_008_left_pair.png,animate_009_left_pair.png,677
983,resnet_pa,3,5,identity,11,animate_009_right_pair.png,animate_012_right_pair.png,679
984,resnet_pa,3,5,identity,11,animate_002_left_pair.png,animate_001_left_pair.png,687
985,resnet_pa,3,5,identity,11,animate_001_left.png,animate_006_left.png,690
986,resnet_pa,3,5,identity,11,animate_005_left.png,animate_004_left.png,692
987,resnet_pa,3,5,identity,11,inanimate_012_right.png,inanimate_007_right.png,695
988,resnet_pa,3,5,identity,11,animate_009_right_pair.png,animate_002_right_pair.png,696
989,resnet_pa,3,5,identity,11,inanimate_003_left.png,inanimate_001_left.png,697
990,resnet_pa,3,5,identity,11,animate_003_left_pair.png,animate_002_left_pair.png,698
991,resnet_pa,3,5,identity,11,animate_006_right.png,animate_012_right.png,700
992,resnet_pa,3,5,identity,11,inanimate_002_left.png,inanimate_011_left.png,701
993,resnet_pa,3,5,identity,11,animate_011_left_pair.png,animate_003_left_pair.png,704
994,resnet_pa,3,5,identity,11,inanimate_011_right_pair.png,inanimate_005_right_pair.png,707
995,resnet_pa,3,5,identity,11,inanimate_002_left.png,inanimate_012_left.png,709
996,resnet_pa,3,5,identity,11,inanimate_004_right_pair.png,inanimate_011_right_pair.png,710
997,resnet_pa,3,5,identity,11,inanimate_012_right.png,inanimate_008_right.png,711
998,resnet_pa,3,5,identity,11,inanimate_006_right.png,inanimate_001_right.png,713
999,resnet_pa,3,5,identity,11,inanimate_005_left.png,inanimate_009_left.png,715
1000,resnet_pa,3,5,identity,11,animate_011_left.png,animate_009_left.png,718
1001,resnet_pa,3,5,identity,11,animate_005_left.png,animate_006_left.png,720
1002,resnet_pa,3,5,identity,11,inanimate_011_left_pair.png,inanimate_009_left_pair.png,721
1003,resnet_pa,3,5,identity,11,animate_007_left_pair.png,animate_006_left_pair.png,724
1004,resnet_pa,3,5,identity,11,animate_003_left.png,animate_006_left.png,726
1005,resnet_pa,3,5,identity,11,inanimate_007_left.png,inanimate_006_left.png,727
1006,resnet_pa,3,5,identity,11,inanimate_006_left_pair.png,inanimate_008_left_pair.png,733
1007,resnet_pa,3,5,identity,11,animate_012_right_pair.png,animate_009_right_pair.png,734
1008,resnet_pa,3,5,identity,11,inanimate_009_left.png,inanimate_001_left.png,736
1009,resnet_pa,3,5,identity,11,animate_012_left.png,animate_003_left.png,738
1010,resnet_pa,3,5,identity,11,inanimate_010_right_pair.png,inanimate_011_right_pair.png,742
1011,resnet_pa,3,5,identity,11,inanimate_008_right_pair.png,inanimate_010_right_pair.png,743
1012,resnet_pa,3,5,identity,11,animate_009_right.png,animate_012_right.png,746
1013,resnet_pa,3,5,identity,11,inanimate_011_right.png,inanimate_007_right.png,748
1014,resnet_pa,3,5,identity,11,animate_001_right.png,animate_002_right.png,755
1015,resnet_pa,3,5,identity,11,animate_007_right.png,animate_010_right.png,756
1016,resnet_pa,3,5,identity,11,animate_006_left.png,animate_010_left.png,757
1017,resnet_pa,3,5,identity,11,animate_002_right_pair.png,animate_008_right_pair.png,758
1018,resnet_pa,3,5,identity,11,inanimate_005_left.png,inanimate_011_left.png,759
1019,resnet_pa,3,5,identity,11,inanimate_006_left.png,inanimate_002_left.png,760
1020,resnet_pa,3,5,identity,11,inanimate_006_right_pair.png,inanimate_010_right_pair.png,761
1021,resnet_pa,3,5,identity,11,inanimate_012_right.png,inanimate_009_right.png,762
1022,resnet_pa,3,5,identity,11,inanimate_006_right_pair.png,inanimate_001_right_pair.png,765
1023,resnet_pa,3,5,identity,11,animate_007_right_pair.png,animate_003_right_pair.png,766
1024,resnet_pa,3,5,identity,11,inanimate_012_left.png,inanimate_005_left.png,767
1025,resnet_pa,3,5,identity,11,inanimate_007_left_pair.png,inanimate_011_left_pair.png,769
1026,resnet_pa,3,5,identity,11,inanimate_007_left.png,inanimate_011_left.png,770
1027,resnet_pa,3,5,identity,11,animate_008_left_pair.png,animate_010_left_pair.png,772
1028,resnet_pa,3,5,identity,11,inanimate_001_left_pair.png,inanimate_003_left_pair.png,774
1029,resnet_pa,3,5,identity,11,animate_003_left_pair.png,animate_011_left_pair.png,778
1030,resnet_pa,3,5,identity,11,inanimate_005_right.png,inanimate_009_right.png,779
1031,resnet_pa,3,5,identity,11,animate_008_right.png,animate_010_right.png,780
1032,resnet_pa,3,5,identity,11,animate_006_right_pair.png,animate_011_right_pair.png,786
1033,resnet_pa,3,5,identity,11,inanimate_011_right_pair.png,inanimate_002_right_pair.png,787
1034,resnet_pa,3,5,identity,11,inanimate_005_left.png,inanimate_003_left.png,788
1035,resnet_pa,3,5,identity,11,animate_011_right_pair.png,animate_006_right_pair.png,791
1036,resnet_pa,3,5,identity,11,animate_001_right_pair.png,animate_007_right_pair.png,792
1037,resnet_pa,3,5,identity,11,animate_008_left.png,animate_001_left.png,794
1038,resnet_pa,3,5,identity,11,inanimate_011_left.png,inanimate_006_left.png,796
1039,resnet_pa,3,5,identity,11,animate_011_right.png,animate_008_right.png,797
1040,resnet_pa,3,5,identity,11,inanimate_005_right.png,inanimate_008_right.png,804
1041,resnet_pa,3,5,identity,11,inanimate_008_left.png,inanimate_003_left.png,806
1042,resnet_pa,3,5,identity,11,animate_004_left_pair.png,animate_002_left_pair.png,808
1043,resnet_pa,3,5,identity,11,inanimate_001_right_pair.png,inanimate_002_right_pair.png,809
1044,resnet_pa,3,5,identity,11,animate_010_left.png,animate_009_left.png,810
1045,resnet_pa,3,5,identity,11,inanimate_001_right.png,inanimate_007_right.png,813
1046,resnet_pa,3,5,identity,11,animate_011_left_pair.png,animate_010_left_pair.png,814
1047,resnet_pa,3,5,identity,11,animate_012_left_pair.png,animate_008_left_pair.png,818
1048,resnet_pa,3,5,identity,11,animate_006_right_pair.png,animate_004_right_pair.png,822
1049,resnet_pa,3,5,identity,11,inanimate_003_left.png,inanimate_012_left.png,823
1050,resnet_pa,3,5,identity,11,animate_001_right.png,animate_007_right.png,825
1051,resnet_pa,3,5,identity,11,animate_009_left.png,animate_011_left.png,828
1052,resnet_pa,3,5,identity,11,inanimate_004_left.png,inanimate_011_left.png,829
1053,resnet_pa,3,5,identity,11,animate_011_right_pair.png,animate_012_right_pair.png,830
1054,resnet_pa,3,5,identity,11,inanimate_002_right_pair.png,inanimate_004_right_pair.png,831
1055,resnet_pa,3,5,identity,11,inanimate_012_left_pair.png,inanimate_002_left_pair.png,834
1056,resnet_pa,3,5,identity,11,inanimate_011_right.png,inanimate_003_right.png,841
1057,resnet_pa,3,5,identity,11,animate_007_left.png,animate_003_left.png,842
1058,resnet_pa,3,5,identity,11,inanimate_002_left_pair.png,inanimate_008_left_pair.png,843
1059,resnet_pa,3,1,number,2,animate_006_right.png,animate_006_right_pair.png,3
1060,resnet_pa,3,1,number,2,inanimate_003_left_pair.png,inanimate_003_left.png,6
1061,resnet_pa,3,1,number,2,animate_008_right.png,animate_008_right_pair.png,9
1062,resnet_pa,3,1,number,2,animate_011_left_pair.png,animate_011_left.png,25
1063,resnet_pa,3,1,number,2,animate_009_left.png,animate_009_left_pair.png,27
1064,resnet_pa,3,1,number,2,inanimate_009_right_pair.png,inanimate_009_right.png,29
1065,resnet_pa,3,1,number,2,animate_005_left.png,animate_005_left_pair.png,30
1066,resnet_pa,3,1,number,2,inanimate_010_right_pair.png,inanimate_010_right.png,34
1067,resnet_pa,3,1,number,2,animate_002_left_pair.png,animate_002_left.png,38
1068,resnet_pa,3,1,number,2,animate_004_right_pair.png,animate_004_right.png,40
1069,resnet_pa,3,1,number,2,animate_008_left.png,animate_008_left_pair.png,43
1070,resnet_pa,3,1,number,2,animate_005_left_pair.png,animate_005_left.png,56
1071,resnet_pa,3,1,number,2,inanimate_005_right.png,inanimate_005_right_pair.png,64
1072,resnet_pa,3,1,number,2,inanimate_010_left.png,inanimate_010_left_pair.png,67
1073,resnet_pa,3,1,number,2,animate_005_right_pair.png,animate_005_right.png,77
1074,resnet_pa,3,1,number,2,animate_001_left.png,animate_001_left_pair.png,90
1075,resnet_pa,3,1,number,2,animate_007_left.png,animate_007_left_pair.png,130
1076,resnet_pa,3,1,number,2,animate_007_left_pair.png,animate_007_left.png,141
1077,resnet_pa,3,1,number,2,animate_004_right.png,animate_004_right_pair.png,144
1078,resnet_pa,3,1,number,2,inanimate_008_right_pair.png,inanimate_008_right.png,155
1079,resnet_pa,3,1,number,2,inanimate_006_left.png,inanimate_006_left_pair.png,157
1080,resnet_pa,3,1,number,2,animate_008_right_pair.png,animate_008_right.png,163
1081,resnet_pa,3,1,number,2,inanimate_008_right.png,inanimate_008_right_pair.png,164
1082,resnet_pa,3,1,number,2,animate_012_right.png,animate_012_right_pair.png,165
1083,resnet_pa,3,1,number,2,animate_008_left_pair.png,animate_008_left.png,177
1084,resnet_pa,3,1,number,2,inanimate_004_left.png,inanimate_004_left_pair.png,201
1085,resnet_pa,3,1,number,2,animate_004_left.png,animate_004_left_pair.png,204
1086,resnet_pa,3,1,number,2,inanimate_011_left_pair.png,inanimate_011_left.png,205
1087,resnet_pa,3,1,number,2,animate_005_right.png,animate_005_right_pair.png,211
1088,resnet_pa,3,1,number,2,inanimate_007_right.png,inanimate_007_right_pair.png,212
1089,resnet_pa,3,1,number,2,inanimate_002_right_pair.png,inanimate_002_right.png,222
1090,resnet_pa,3,1,number,2,animate_007_right_pair.png,animate_007_right.png,223
1091,resnet_pa,3,1,number,2,animate_012_right_pair.png,animate_012_right.png,225
1092,resnet_pa,3,1,number,2,animate_003_right.png,animate_003_right_pair.png,226
1093,resnet_pa,3,1,number,2,inanimate_007_left_pair.png,inanimate_007_left.png,234
1094,resnet_pa,3,1,number,2,animate_001_right.png,animate_001_right_pair.png,238
1095,resnet_pa,3,1,number,2,inanimate_009_left.png,inanimate_009_left_pair.png,246
1096,resnet_pa,3,1,number,2,animate_002_left.png,animate_002_left_pair.png,251
1097,resnet_pa,3,1,number,2,animate_003_left_pair.png,animate_003_left.png,264
1098,resnet_pa,3,1,number,2,inanimate_001_right_pair.png,inanimate_001_right.png,268
1099,resnet_pa,3,1,number,2,animate_009_left_pair.png,animate_009_left.png,278
1100,resnet_pa,3,1,number,2,inanimate_008_left_pair.png,inanimate_008_left.png,279
1101,resnet_pa,3,1,number,2,animate_012_left_pair.png,animate_012_left.png,288
1102,resnet_pa,3,1,number,2,inanimate_006_right.png,inanimate_006_right_pair.png,291
1103,resnet_pa,3,1,number,2,inanimate_007_right_pair.png,inanimate_007_right.png,293
1104,resnet_pa,3,1,number,2,animate_007_right.png,animate_007_right_pair.png,295
1105,resnet_pa,3,1,number,2,animate_001_right_pair.png,animate_001_right.png,297
1106,resnet_pa,3,1,number,2,animate_006_right_pair.png,animate_006_right.png,301
1107,resnet_pa,3,1,number,2,animate_011_right_pair.png,animate_011_right.png,313
1108,resnet_pa,3,1,number,2,inanimate_002_left.png,inanimate_002_left_pair.png,324
1109,resnet_pa,3,1,number,2,inanimate_002_right.png,inanimate_002_right_pair.png,328
1110,resnet_pa,3,1,number,2,inanimate_012_right.png,inanimate_012_right_pair.png,331
1111,resnet_pa,3,1,number,2,inanimate_003_right.png,inanimate_003_right_pair.png,334
1112,resnet_pa,3,1,number,2,inanimate_001_right.png,inanimate_001_right_pair.png,350
1113,resnet_pa,3,1,number,2,inanimate_001_left.png,inanimate_001_left_pair.png,356
1114,resnet_pa,3,1,number,2,inanimate_010_right.png,inanimate_010_right_pair.png,361
1115,resnet_pa,3,1,number,2,animate_010_right_pair.png,animate_010_right.png,370
1116,resnet_pa,3,1,number,2,inanimate_011_left.png,inanimate_011_left_pair.png,374
1117,resnet_pa,3,1,number,2,animate_006_left_pair.png,animate_006_left.png,384
1118,resnet_pa,3,1,number,2,inanimate_008_left.png,inanimate_008_left_pair.png,388
1119,resnet_pa,3,1,number,2,animate_011_right.png,animate_011_right_pair.png,390
1120,resnet_pa,3,1,number,2,animate_002_right_pair.png,animate_002_right.png,394
1121,resnet_pa,3,1,number,2,inanimate_002_left_pair.png,inanimate_002_left.png,399
1122,resnet_pa,3,1,number,2,inanimate_007_left.png,inanimate_007_left_pair.png,407
1123,resnet_pa,3,1,number,2,inanimate_005_left_pair.png,inanimate_005_left.png,423
1124,resnet_pa,3,1,number,2,inanimate_001_left_pair.png,inanimate_001_left.png,441
1125,resnet_pa,3,1,number,2,animate_003_left.png,animate_003_left_pair.png,443
1126,resnet_pa,3,1,number,2,inanimate_003_left.png,inanimate_003_left_pair.png,446
1127,resnet_pa,3,1,number,2,inanimate_011_right.png,inanimate_011_right_pair.png,452
1128,resnet_pa,3,1,number,2,inanimate_004_right.png,inanimate_004_right_pair.png,454
1129,resnet_pa,3,1,number,2,inanimate_011_right_pair.png,inanimate_011_right.png,474
1130,resnet_pa,3,1,number,2,inanimate_006_right_pair.png,inanimate_006_right.png,485
1131,resnet_pa,3,1,number,2,animate_009_right_pair.png,animate_009_right.png,486
1132,resnet_pa,3,1,number,2,inanimate_009_right.png,inanimate_009_right_pair.png,488
1133,resnet_pa,3,1,number,2,inanimate_006_left_pair.png,inanimate_006_left.png,507
1134,resnet_pa,3,1,number,2,animate_009_right.png,animate_009_right_pair.png,511
1135,resnet_pa,3,1,number,2,animate_010_left.png,animate_010_left_pair.png,525
1136,resnet_pa,3,1,number,2,inanimate_012_right_pair.png,inanimate_012_right.png,529
1137,resnet_pa,3,1,number,2,inanimate_012_left.png,inanimate_012_left_pair.png,534
1138,resnet_pa,3,1,number,2,inanimate_005_right_pair.png,inanimate_005_right.png,535
1139,resnet_pa,3,1,number,2,inanimate_010_left_pair.png,inanimate_010_left.png,549
1140,resnet_pa,3,1,number,2,inanimate_003_right_pair.png,inanimate_003_right.png,574
1141,resnet_pa,3,1,number,2,animate_012_left.png,animate_012_left_pair.png,584
1142,resnet_pa,3,1,number,2,inanimate_012_left_pair.png,inanimate_012_left.png,597
1143,resnet_pa,3,1,number,2,inanimate_009_left_pair.png,inanimate_009_left.png,635
1144,resnet_pa,3,1,number,2,inanimate_004_left_pair.png,inanimate_004_left.png,663
1145,resnet_pa,3,1,number,2,inanimate_005_left.png,inanimate_005_left_pair.png,685
1146,resnet_pa,3,1,number,2,animate_003_right_pair.png,animate_003_right.png,691
1147,resnet_pa,3,1,number,2,inanimate_004_right_pair.png,inanimate_004_right.png,706
1148,resnet_pa,3,1,number,2,animate_006_left.png,animate_006_left_pair.png,719
1149,resnet_pa,3,1,number,2,animate_004_left_pair.png,animate_004_left.png,722
1150,resnet_pa,3,3,number,7,animate_006_right.png,animate_006_right_pair.png,3
1151,resnet_pa,3,3,number,7,inanimate_003_left_pair.png,inanimate_003_left.png,6
1152,resnet_pa,3,3,number,7,animate_008_right.png,animate_008_right_pair.png,9
1153,resnet_pa,3,3,number,7,animate_011_left_pair.png,animate_011_left.png,25
1154,resnet_pa,3,3,number,7,animate_009_left.png,animate_009_left_pair.png,27
1155,resnet_pa,3,3,number,7,inanimate_009_right_pair.png,inanimate_009_right.png,29
1156,resnet_pa,3,3,number,7,animate_005_left.png,animate_005_left_pair.png,30
1157,resnet_pa,3,3,number,7,inanimate_010_right_pair.png,inanimate_010_right.png,34
1158,resnet_pa,3,3,number,7,animate_002_left_pair.png,animate_002_left.png,38
1159,resnet_pa,3,3,number,7,animate_004_right_pair.png,animate_004_right.png,40
1160,resnet_pa,3,3,number,7,animate_008_left.png,animate_008_left_pair.png,43
1161,resnet_pa,3,3,number,7,animate_005_left_pair.png,animate_005_left.png,56
1162,resnet_pa,3,3,number,7,inanimate_005_right.png,inanimate_005_right_pair.png,64
1163,resnet_pa,3,3,number,7,inanimate_010_left.png,inanimate_010_left_pair.png,67
1164,resnet_pa,3,3,number,7,animate_005_right_pair.png,animate_005_right.png,77
1165,resnet_pa,3,3,number,7,animate_001_left.png,animate_001_left_pair.png,90
1166,resnet_pa,3,3,number,7,animate_007_left.png,animate_007_left_pair.png,130
1167,resnet_pa,3,3,number,7,animate_007_left_pair.png,animate_007_left.png,141
1168,resnet_pa,3,3,number,7,animate_004_right.png,animate_004_right_pair.png,144
1169,resnet_pa,3,3,number,7,inanimate_008_right_pair.png,inanimate_008_right.png,155
1170,resnet_pa,3,3,number,7,inanimate_006_left.png,inanimate_006_left_pair.png,157
1171,resnet_pa,3,3,number,7,animate_008_right_pair.png,animate_008_right.png,163
1172,resnet_pa,3,3,number,7,inanimate_008_right.png,inanimate_008_right_pair.png,164
1173,resnet_pa,3,3,number,7,animate_012_right.png,animate_012_right_pair.png,165
1174,resnet_pa,3,3,number,7,animate_008_left_pair.png,animate_008_left.png,177
1175,resnet_pa,3,3,number,7,inanimate_004_left.png,inanimate_004_left_pair.png,201
1176,resnet_pa,3,3,number,7,animate_004_left.png,animate_004_left_pair.png,204
1177,resnet_pa,3,3,number,7,inanimate_011_left_pair.png,inanimate_011_left.png,205
1178,resnet_pa,3,3,number,7,animate_005_right.png,animate_005_right_pair.png,211
1179,resnet_pa,3,3,number,7,inanimate_007_right.png,inanimate_007_right_pair.png,212
1180,resnet_pa,3,3,number,7,inanimate_002_right_pair.png,inanimate_002_right.png,222
1181,resnet_pa,3,3,number,7,animate_007_right_pair.png,animate_007_right.png,223
1182,resnet_pa,3,3,number,7,animate_012_right_pair.png,animate_012_right.png,225
1183,resnet_pa,3,3,number,7,animate_003_right.png,animate_003_right_pair.png,226
1184,resnet_pa,3,3,number,7,inanimate_007_left_pair.png,inanimate_007_left.png,234
1185,resnet_pa,3,3,number,7,animate_001_right.png,animate_001_right_pair.png,238
1186,resnet_pa,3,3,number,7,inanimate_009_left.png,inanimate_009_left_pair.png,246
1187,resnet_pa,3,3,number,7,animate_002_left.png,animate_002_left_pair.png,251
1188,resnet_pa,3,3,number,7,animate_003_left_pair.png,animate_003_left.png,264
1189,resnet_pa,3,3,number,7,inanimate_001_right_pair.png,inanimate_001_right.png,268
1190,resnet_pa,3,3,number,7,animate_009_left_pair.png,animate_009_left.png,278
1191,resnet_pa,3,3,number,7,inanimate_008_left_pair.png,inanimate_008_left.png,279
1192,resnet_pa,3,3,number,7,animate_012_left_pair.png,animate_012_left.png,288
1193,resnet_pa,3,3,number,7,inanimate_006_right.png,inanimate_006_right_pair.png,291
1194,resnet_pa,3,3,number,7,inanimate_007_right_pair.png,inanimate_007_right.png,293
1195,resnet_pa,3,3,number,7,animate_007_right.png,animate_007_right_pair.png,295
1196,resnet_pa,3,3,number,7,animate_001_right_pair.png,animate_001_right.png,297
1197,resnet_pa,3,3,number,7,animate_006_right_pair.png,animate_006_right.png,301
1198,resnet_pa,3,3,number,7,animate_011_right_pair.png,animate_011_right.png,313
1199,resnet_pa,3,3,number,7,inanimate_002_left.png,inanimate_002_left_pair.png,324
1200,resnet_pa,3,3,number,7,inanimate_002_right.png,inanimate_002_right_pair.png,328
1201,resnet_pa,3,3,number,7,inanimate_012_right.png,inanimate_012_right_pair.png,331
1202,resnet_pa,3,3,number,7,inanimate_003_right.png,inanimate_003_right_pair.png,334
1203,resnet_pa,3,3,number,7,inanimate_001_right.png,inanimate_001_right_pair.png,350
1204,resnet_pa,3,3,number,7,inanimate_001_left.png,inanimate_001_left_pair.png,356
1205,resnet_pa,3,3,number,7,inanimate_010_right.png,inanimate_010_right_pair.png,361
1206,resnet_pa,3,3,number,7,animate_010_right_pair.png,animate_010_right.png,370
1207,resnet_pa,3,3,number,7,inanimate_011_left.png,inanimate_011_left_pair.png,374
1208,resnet_pa,3,3,number,7,animate_006_left_pair.png,animate_006_left.png,384
1209,resnet_pa,3,3,number,7,inanimate_008_left.png,inanimate_008_left_pair.png,388
1210,resnet_pa,3,3,number,7,animate_011_right.png,animate_011_right_pair.png,390
1211,resnet_pa,3,3,number,7,animate_002_right_pair.png,animate_002_right.png,394
1212,resnet_pa,3,3,number,7,inanimate_002_left_pair.png,inanimate_002_left.png,399
1213,resnet_pa,3,3,number,7,inanimate_007_left.png,inanimate_007_left_pair.png,407
1214,resnet_pa,3,3,number,7,inanimate_005_left_pair.png,inanimate_005_left.png,423
1215,resnet_pa,3,3,number,7,inanimate_001_left_pair.png,inanimate_001_left.png,441
1216,resnet_pa,3,3,number,7,animate_003_left.png,animate_003_left_pair.png,443
1217,resnet_pa,3,3,number,7,inanimate_003_left.png,inanimate_003_left_pair.png,446
1218,resnet_pa,3,3,number,7,inanimate_011_right.png,inanimate_011_right_pair.png,452
1219,resnet_pa,3,3,number,7,inanimate_004_right.png,inanimate_004_right_pair.png,454
1220,resnet_pa,3,3,number,7,inanimate_011_right_pair.png,inanimate_011_right.png,474
1221,resnet_pa,3,3,number,7,inanimate_006_right_pair.png,inanimate_006_right.png,485
1222,resnet_pa,3,3,number,7,animate_009_right_pair.png,animate_009_right.png,486
1223,resnet_pa,3,3,number,7,inanimate_009_right.png,inanimate_009_right_pair.png,488
1224,resnet_pa,3,3,number,7,inanimate_006_left_pair.png,inanimate_006_left.png,507
1225,resnet_pa,3,3,number,7,animate_009_right.png,animate_009_right_pair.png,511
1226,resnet_pa,3,3,number,7,animate_010_left.png,animate_010_left_pair.png,525
1227,resnet_pa,3,3,number,7,inanimate_012_right_pair.png,inanimate_012_right.png,529
1228,resnet_pa,3,3,number,7,inanimate_012_left.png,inanimate_012_left_pair.png,534
1229,resnet_pa,3,3,number,7,inanimate_005_right_pair.png,inanimate_005_right.png,535
1230,resnet_pa,3,3,number,7,inanimate_010_left_pair.png,inanimate_010_left.png,549
1231,resnet_pa,3,3,number,7,inanimate_003_right_pair.png,inanimate_003_right.png,574
1232,resnet_pa,3,3,number,7,animate_012_left.png,animate_012_left_pair.png,584
1233,resnet_pa,3,3,number,7,inanimate_012_left_pair.png,inanimate_012_left.png,597
1234,resnet_pa,3,3,number,7,inanimate_009_left_pair.png,inanimate_009_left.png,635
1235,resnet_pa,3,3,number,7,inanimate_004_left_pair.png,inanimate_004_left.png,663
1236,resnet_pa,3,3,number,7,inanimate_005_left.png,inanimate_005_left_pair.png,685
1237,resnet_pa,3,3,number,7,animate_003_right_pair.png,animate_003_right.png,691
1238,resnet_pa,3,3,number,7,inanimate_004_right_pair.png,inanimate_004_right.png,706
1239,resnet_pa,3,3,number,7,animate_006_left.png,animate_006_left_pair.png,719
1240,resnet_pa,3,3,number,7,animate_004_left_pair.png,animate_004_left.png,722
1241,resnet_pa,3,5,number,12,animate_006_right.png,animate_006_right_pair.png,3
1242,resnet_pa,3,5,number,12,inanimate_003_left_pair.png,inanimate_003_left.png,6
1243,resnet_pa,3,5,number,12,animate_008_right.png,animate_008_right_pair.png,9
1244,resnet_pa,3,5,number,12,animate_011_left_pair.png,animate_011_left.png,25
1245,resnet_pa,3,5,number,12,animate_009_left.png,animate_009_left_pair.png,27
1246,resnet_pa,3,5,number,12,inanimate_009_right_pair.png,inanimate_009_right.png,29
1247,resnet_pa,3,5,number,12,animate_005_left.png,animate_005_left_pair.png,30
1248,resnet_pa,3,5,number,12,inanimate_010_right_pair.png,inanimate_010_right.png,34
1249,resnet_pa,3,5,number,12,animate_002_left_pair.png,animate_002_left.png,38
1250,resnet_pa,3,5,number,12,animate_004_right_pair.png,animate_004_right.png,40
1251,resnet_pa,3,5,number,12,animate_008_left.png,animate_008_left_pair.png,43
1252,resnet_pa,3,5,number,12,animate_005_left_pair.png,animate_005_left.png,56
1253,resnet_pa,3,5,number,12,inanimate_005_right.png,inanimate_005_right_pair.png,64
1254,resnet_pa,3,5,number,12,inanimate_010_left.png,inanimate_010_left_pair.png,67
1255,resnet_pa,3,5,number,12,animate_005_right_pair.png,animate_005_right.png,77
1256,resnet_pa,3,5,number,12,animate_001_left.png,animate_001_left_pair.png,90
1257,resnet_pa,3,5,number,12,animate_007_left.png,animate_007_left_pair.png,130
1258,resnet_pa,3,5,number,12,animate_007_left_pair.png,animate_007_left.png,141
1259,resnet_pa,3,5,number,12,animate_004_right.png,animate_004_right_pair.png,144
1260,resnet_pa,3,5,number,12,inanimate_008_right_pair.png,inanimate_008_right.png,155
1261,resnet_pa,3,5,number,12,inanimate_006_left.png,inanimate_006_left_pair.png,157
1262,resnet_pa,3,5,number,12,animate_008_right_pair.png,animate_008_right.png,163
1263,resnet_pa,3,5,number,12,inanimate_008_right.png,inanimate_008_right_pair.png,164
1264,resnet_pa,3,5,number,12,animate_012_right.png,animate_012_right_pair.png,165
1265,resnet_pa,3,5,number,12,animate_008_left_pair.png,animate_008_left.png,177
1266,resnet_pa,3,5,number,12,inanimate_004_left.png,inanimate_004_left_pair.png,201
1267,resnet_pa,3,5,number,12,animate_004_left.png,animate_004_left_pair.png,204
1268,resnet_pa,3,5,number,12,inanimate_011_left_pair.png,inanimate_011_left.png,205
1269,resnet_pa,3,5,number,12,animate_005_right.png,animate_005_right_pair.png,211
1270,resnet_pa,3,5,number,12,inanimate_007_right.png,inanimate_007_right_pair.png,212
1271,resnet_pa,3,5,number,12,inanimate_002_right_pair.png,inanimate_002_right.png,222
1272,resnet_pa,3,5,number,12,animate_007_right_pair.png,animate_007_right.png,223
1273,resnet_pa,3,5,number,12,animate_012_right_pair.png,animate_012_right.png,225
1274,resnet_pa,3,5,number,12,animate_003_right.png,animate_003_right_pair.png,226
1275,resnet_pa,3,5,number,12,inanimate_007_left_pair.png,inanimate_007_left.png,234
1276,resnet_pa,3,5,number,12,animate_001_right.png,animate_001_right_pair.png,238
1277,resnet_pa,3,5,number,12,inanimate_009_left.png,inanimate_009_left_pair.png,246
1278,resnet_pa,3,5,number,12,animate_002_left.png,animate_002_left_pair.png,251
1279,resnet_pa,3,5,number,12,animate_003_left_pair.png,animate_003_left.png,264
1280,resnet_pa,3,5,number,12,inanimate_001_right_pair.png,inanimate_001_right.png,268
1281,resnet_pa,3,5,number,12,animate_009_left_pair.png,animate_009_left.png,278
1282,resnet_pa,3,5,number,12,inanimate_008_left_pair.png,inanimate_008_left.png,279
1283,resnet_pa,3,5,number,12,animate_012_left_pair.png,animate_012_left.png,288
1284,resnet_pa,3,5,number,12,inanimate_006_right.png,inanimate_006_right_pair.png,291
1285,resnet_pa,3,5,number,12,inanimate_007_right_pair.png,inanimate_007_right.png,293
1286,resnet_pa,3,5,number,12,animate_007_right.png,animate_007_right_pair.png,295
1287,resnet_pa,3,5,number,12,animate_001_right_pair.png,animate_001_right.png,297
1288,resnet_pa,3,5,number,12,animate_006_right_pair.png,animate_006_right.png,301
1289,resnet_pa,3,5,number,12,animate_011_right_pair.png,animate_011_right.png,313
1290,resnet_pa,3,5,number,12,inanimate_002_left.png,inanimate_002_left_pair.png,324
1291,resnet_pa,3,5,number,12,inanimate_002_right.png,inanimate_002_right_pair.png,328
1292,resnet_pa,3,5,number,12,inanimate_012_right.png,inanimate_012_right_pair.png,331
1293,resnet_pa,3,5,number,12,inanimate_003_right.png,inanimate_003_right_pair.png,334
1294,resnet_pa,3,5,number,12,inanimate_001_right.png,inanimate_001_right_pair.png,350
1295,resnet_pa,3,5,number,12,inanimate_001_left.png,inanimate_001_left_pair.png,356
1296,resnet_pa,3,5,number,12,inanimate_010_right.png,inanimate_010_right_pair.png,361
1297,resnet_pa,3,5,number,12,animate_010_right_pair.png,animate_010_right.png,370
1298,resnet_pa,3,5,number,12,inanimate_011_left.png,inanimate_011_left_pair.png,374
1299,resnet_pa,3,5,number,12,animate_006_left_pair.png,animate_006_left.png,384
1300,resnet_pa,3,5,number,12,inanimate_008_left.png,inanimate_008_left_pair.png,388
1301,resnet_pa,3,5,number,12,animate_011_right.png,animate_011_right_pair.png,390
1302,resnet_pa,3,5,number,12,animate_002_right_pair.png,animate_002_right.png,394
1303,resnet_pa,3,5,number,12,inanimate_002_left_pair.png,inanimate_002_left.png,399
1304,resnet_pa,3,5,number,12,inanimate_007_left.png,inanimate_007_left_pair.png,407
1305,resnet_pa,3,5,number,12,inanimate_005_left_pair.png,inanimate_005_left.png,423
1306,resnet_pa,3,5,number,12,inanimate_001_left_pair.png,inanimate_001_left.png,441
1307,resnet_pa,3,5,number,12,animate_003_left.png,animate_003_left_pair.png,443
1308,resnet_pa,3,5,number,12,inanimate_003_left.png,inanimate_003_left_pair.png,446
1309,resnet_pa,3,5,number,12,inanimate_011_right.png,inanimate_011_right_pair.png,452
1310,resnet_pa,3,5,number,12,inanimate_004_right.png,inanimate_004_right_pair.png,454
1311,resnet_pa,3,5,number,12,inanimate_011_right_pair.png,inanimate_011_right.png,474
1312,resnet_pa,3,5,number,12,inanimate_006_right_pair.png,inanimate_006_right.png,485
1313,resnet_pa,3,5,number,12,animate_009_right_pair.png,animate_009_right.png,486
1314,resnet_pa,3,5,number,12,inanimate_009_right.png,inanimate_009_right_pair.png,488
1315,resnet_pa,3,5,number,12,inanimate_006_left_pair.png,inanimate_006_left.png,507
1316,resnet_pa,3,5,number,12,animate_009_right.png,animate_009_right_pair.png,511
1317,resnet_pa,3,5,number,12,animate_010_left.png,animate_010_left_pair.png,525
1318,resnet_pa,3,5,number,12,inanimate_012_right_pair.png,inanimate_012_right.png,529
1319,resnet_pa,3,5,number,12,inanimate_012_left.png,inanimate_012_left_pair.png,534
1320,resnet_pa,3,5,number,12,inanimate_005_right_pair.png,inanimate_005_right.png,535
1321,resnet_pa,3,5,number,12,inanimate_010_left_pair.png,inanimate_010_left.png,549
1322,resnet_pa,3,5,number,12,inanimate_003_right_pair.png,inanimate_003_right.png,574
1323,resnet_pa,3,5,number,12,animate_012_left.png,animate_012_left_pair.png,584
1324,resnet_pa,3,5,number,12,inanimate_012_left_pair.png,inanimate_012_left.png,597
1325,resnet_pa,3,5,number,12,inanimate_009_left_pair.png,inanimate_009_left.png,635
1326,resnet_pa,3,5,number,12,inanimate_004_left_pair.png,inanimate_004_left.png,663
1327,resnet_pa,3,5,number,12,inanimate_005_left.png,inanimate_005_left_pair.png,685
1328,resnet_pa,3,5,number,12,animate_003_right_pair.png,animate_003_right.png,691
1329,resnet_pa,3,5,number,12,inanimate_004_right_pair.png,inanimate_004_right.png,706
1330,resnet_pa,3,5,number,12,animate_006_left.png,animate_006_left_pair.png,719
1331,resnet_pa,3,5,number,12,animate_004_left_pair.png,animate_004_left.png,722
1332,resnet_pa,3,1,pose,3,inanimate_009_right_pair.png,inanimate_009_left_pair.png,4
1333,resnet_pa,3,1,pose,3,animate_004_right_pair.png,animate_004_left_pair.png,7
1334,resnet_pa,3,1,pose,3,animate_011_right.png,animate_011_left.png,24
1335,resnet_pa,3,1,pose,3,inanimate_001_left.png,inanimate_001_right.png,33
1336,resnet_pa,3,1,pose,3,inanimate_012_left.png,inanimate_012_right.png,36
1337,resnet_pa,3,1,pose,3,animate_002_right_pair.png,animate_002_left_pair.png,45
1338,resnet_pa,3,1,pose,3,inanimate_012_right_pair.png,inanimate_012_left_pair.png,61
1339,resnet_pa,3,1,pose,3,inanimate_003_right_pair.png,inanimate_003_left_pair.png,62
1340,resnet_pa,3,1,pose,3,inanimate_005_left.png,inanimate_005_right.png,73
1341,resnet_pa,3,1,pose,3,animate_003_right_pair.png,animate_003_left_pair.png,78
1342,resnet_pa,3,1,pose,3,inanimate_009_left_pair.png,inanimate_009_right_pair.png,88
1343,resnet_pa,3,1,pose,3,inanimate_006_left_pair.png,inanimate_006_right_pair.png,91
1344,resnet_pa,3,1,pose,3,animate_001_right.png,animate_001_left.png,92
1345,resnet_pa,3,1,pose,3,inanimate_005_right.png,inanimate_005_left.png,93
1346,resnet_pa,3,1,pose,3,inanimate_012_right.png,inanimate_012_left.png,98
1347,resnet_pa,3,1,pose,3,inanimate_002_right_pair.png,inanimate_002_left_pair.png,104
1348,resnet_pa,3,1,pose,3,inanimate_004_right.png,inanimate_004_left.png,107
1349,resnet_pa,3,1,pose,3,animate_010_left_pair.png,animate_010_right_pair.png,112
1350,resnet_pa,3,1,pose,3,animate_012_right.png,animate_012_left.png,115
1351,resnet_pa,3,1,pose,3,inanimate_001_right_pair.png,inanimate_001_left_pair.png,117
1352,resnet_pa,3,1,pose,3,animate_002_left.png,animate_002_right.png,129
1353,resnet_pa,3,1,pose,3,inanimate_011_right_pair.png,inanimate_011_left_pair.png,131
1354,resnet_pa,3,1,pose,3,inanimate_010_left.png,inanimate_010_right.png,136
1355,resnet_pa,3,1,pose,3,animate_006_right.png,animate_006_left.png,137
1356,resnet_pa,3,1,pose,3,inanimate_008_left.png,inanimate_008_right.png,138
1357,resnet_pa,3,1,pose,3,animate_003_left.png,animate_003_right.png,148
1358,resnet_pa,3,1,pose,3,animate_011_left.png,animate_011_right.png,182
1359,resnet_pa,3,1,pose,3,inanimate_011_right.png,inanimate_011_left.png,190
1360,resnet_pa,3,1,pose,3,animate_008_right.png,animate_008_left.png,194
1361,resnet_pa,3,1,pose,3,animate_001_left.png,animate_001_right.png,199
1362,resnet_pa,3,1,pose,3,inanimate_001_left_pair.png,inanimate_001_right_pair.png,202
1363,resnet_pa,3,1,pose,3,inanimate_003_right.png,inanimate_003_left.png,206
1364,resnet_pa,3,1,pose,3,animate_003_right.png,animate_003_left.png,217
1365,resnet_pa,3,1,pose,3,animate_005_left.png,animate_005_right.png,219
1366,resnet_pa,3,1,pose,3,inanimate_010_left_pair.png,inanimate_010_right_pair.png,224
1367,resnet_pa,3,1,pose,3,animate_004_left.png,animate_004_right.png,228
1368,resnet_pa,3,1,pose,3,inanimate_010_right_pair.png,inanimate_010_left_pair.png,230
1369,resnet_pa,3,1,pose,3,inanimate_008_right.png,inanimate_008_left.png,232
1370,resnet_pa,3,1,pose,3,inanimate_005_right_pair.png,inanimate_005_left_pair.png,242
1371,resnet_pa,3,1,pose,3,animate_002_left_pair.png,animate_002_right_pair.png,243
1372,resnet_pa,3,1,pose,3,inanimate_002_left_pair.png,inanimate_002_right_pair.png,248
1373,resnet_pa,3,1,pose,3,animate_010_right.png,animate_010_left.png,249
1374,resnet_pa,3,1,pose,3,animate_006_left_pair.png,animate_006_right_pair.png,253
1375,resnet_pa,3,1,pose,3,inanimate_003_left_pair.png,inanimate_003_right_pair.png,254
1376,resnet_pa,3,1,pose,3,animate_012_left_pair.png,animate_012_right_pair.png,255
1377,resnet_pa,3,1,pose,3,inanimate_008_left_pair.png,inanimate_008_right_pair.png,259
1378,resnet_pa,3,1,pose,3,inanimate_003_left.png,inanimate_003_right.png,271
1379,resnet_pa,3,1,pose,3,inanimate_006_right_pair.png,inanimate_006_left_pair.png,272
1380,resnet_pa,3,1,pose,3,animate_009_left.png,animate_009_right.png,273
1381,resnet_pa,3,1,pose,3,inanimate_009_left.png,inanimate_009_right.png,276
1382,resnet_pa,3,1,pose,3,inanimate_009_right.png,inanimate_009_left.png,303
1383,resnet_pa,3,1,pose,3,inanimate_006_right.png,inanimate_006_left.png,319
1384,resnet_pa,3,1,pose,3,inanimate_004_left.png,inanimate_004_right.png,322
1385,resnet_pa,3,1,pose,3,animate_009_right.png,animate_009_left.png,325
1386,resnet_pa,3,1,pose,3,inanimate_002_right.png,inanimate_002_left.png,327
1387,resnet_pa,3,1,pose,3,animate_001_left_pair.png,animate_001_right_pair.png,339
1388,resnet_pa,3,1,pose,3,inanimate_005_left_pair.png,inanimate_005_right_pair.png,340
1389,resnet_pa,3,1,pose,3,inanimate_004_right_pair.png,inanimate_004_left_pair.png,346
1390,resnet_pa,3,1,pose,3,animate_009_right_pair.png,animate_009_left_pair.png,348
1391,resnet_pa,3,1,pose,3,animate_008_left.png,animate_008_right.png,368
1392,resnet_pa,3,1,pose,3,animate_005_right.png,animate_005_left.png,371
1393,resnet_pa,3,1,pose,3,animate_005_right_pair.png,animate_005_left_pair.png,379
1394,resnet_pa,3,1,pose,3,inanimate_007_right.png,inanimate_007_left.png,383
1395,resnet_pa,3,1,pose,3,inanimate_006_left.png,inanimate_006_right.png,391
1396,resnet_pa,3,1,pose,3,animate_007_right_pair.png,animate_007_left_pair.png,393
1397,resnet_pa,3,1,pose,3,animate_010_left.png,animate_010_right.png,397
1398,resnet_pa,3,1,pose,3,inanimate_004_left_pair.png,inanimate_004_right_pair.png,403
1399,resnet_pa,3,1,pose,3,animate_005_left_pair.png,animate_005_right_pair.png,406
1400,resnet_pa,3,1,pose,3,animate_008_left_pair.png,animate_008_right_pair.png,420
1401,resnet_pa,3,1,pose,3,animate_007_right.png,animate_007_left.png,436
1402,resnet_pa,3,1,pose,3,animate_012_right_pair.png,animate_012_left_pair.png,445
1403,resnet_pa,3,1,pose,3,animate_002_right.png,animate_002_left.png,453
1404,resnet_pa,3,1,pose,3,inanimate_012_left_pair.png,inanimate_012_right_pair.png,457
1405,resnet_pa,3,1,pose,3,animate_007_left.png,animate_007_right.png,467
1406,resnet_pa,3,1,pose,3,inanimate_001_right.png,inanimate_001_left.png,482
1407,resnet_pa,3,1,pose,3,inanimate_011_left.png,inanimate_011_right.png,495
1408,resnet_pa,3,1,pose,3,animate_006_left.png,animate_006_right.png,496
1409,resnet_pa,3,1,pose,3,animate_006_right_pair.png,animate_006_left_pair.png,497
1410,resnet_pa,3,1,pose,3,inanimate_010_right.png,inanimate_010_left.png,508
1411,resnet_pa,3,1,pose,3,inanimate_007_left.png,inanimate_007_right.png,531
1412,resnet_pa,3,1,pose,3,animate_008_right_pair.png,animate_008_left_pair.png,541
1413,resnet_pa,3,1,pose,3,animate_003_left_pair.png,animate_003_right_pair.png,564
1414,resnet_pa,3,1,pose,3,inanimate_011_left_pair.png,inanimate_011_right_pair.png,565
1415,resnet_pa,3,1,pose,3,animate_007_left_pair.png,animate_007_right_pair.png,575
1416,resnet_pa,3,1,pose,3,inanimate_007_right_pair.png,inanimate_007_left_pair.png,588
1417,resnet_pa,3,1,pose,3,animate_011_right_pair.png,animate_011_left_pair.png,596
1418,resnet_pa,3,1,pose,3,inanimate_007_left_pair.png,inanimate_007_right_pair.png,598
1419,resnet_pa,3,1,pose,3,inanimate_002_left.png,inanimate_002_right.png,632
1420,resnet_pa,3,1,pose,3,animate_004_right.png,animate_004_left.png,652
1421,resnet_pa,3,1,pose,3,inanimate_008_right_pair.png,inanimate_008_left_pair.png,678
1422,resnet_pa,3,1,pose,3,animate_011_left_pair.png,animate_011_right_pair.png,716
1423,resnet_pa,3,1,pose,3,animate_009_left_pair.png,animate_009_right_pair.png,723
1424,resnet_pa,3,1,pose,3,animate_004_left_pair.png,animate_004_right_pair.png,768
1425,resnet_pa,3,1,pose,3,animate_012_left.png,animate_012_right.png,776
1426,resnet_pa,3,1,pose,3,animate_010_right_pair.png,animate_010_left_pair.png,805
1427,resnet_pa,3,1,pose,3,animate_001_right_pair.png,animate_001_left_pair.png,824
1428,resnet_pa,3,3,pose,8,inanimate_009_right_pair.png,inanimate_009_left_pair.png,4
1429,resnet_pa,3,3,pose,8,animate_004_right_pair.png,animate_004_left_pair.png,7
1430,resnet_pa,3,3,pose,8,animate_011_right.png,animate_011_left.png,24
1431,resnet_pa,3,3,pose,8,inanimate_001_left.png,inanimate_001_right.png,33
1432,resnet_pa,3,3,pose,8,inanimate_012_left.png,inanimate_012_right.png,36
1433,resnet_pa,3,3,pose,8,animate_002_right_pair.png,animate_002_left_pair.png,45
1434,resnet_pa,3,3,pose,8,inanimate_012_right_pair.png,inanimate_012_left_pair.png,61
1435,resnet_pa,3,3,pose,8,inanimate_003_right_pair.png,inanimate_003_left_pair.png,62
1436,resnet_pa,3,3,pose,8,inanimate_005_left.png,inanimate_005_right.png,73
1437,resnet_pa,3,3,pose,8,animate_003_right_pair.png,animate_003_left_pair.png,78
1438,resnet_pa,3,3,pose,8,inanimate_009_left_pair.png,inanimate_009_right_pair.png,88
1439,resnet_pa,3,3,pose,8,inanimate_006_left_pair.png,inanimate_006_right_pair.png,91
1440,resnet_pa,3,3,pose,8,animate_001_right.png,animate_001_left.png,92
1441,resnet_pa,3,3,pose,8,inanimate_005_right.png,inanimate_005_left.png,93
1442,resnet_pa,3,3,pose,8,inanimate_012_right.png,inanimate_012_left.png,98
1443,resnet_pa,3,3,pose,8,inanimate_002_right_pair.png,inanimate_002_left_pair.png,104
1444,resnet_pa,3,3,pose,8,inanimate_004_right.png,inanimate_004_left.png,107
1445,resnet_pa,3,3,pose,8,animate_010_left_pair.png,animate_010_right_pair.png,112
1446,resnet_pa,3,3,pose,8,animate_012_right.png,animate_012_left.png,115
1447,resnet_pa,3,3,pose,8,inanimate_001_right_pair.png,inanimate_001_left_pair.png,117
1448,resnet_pa,3,3,pose,8,animate_002_left.png,animate_002_right.png,129
1449,resnet_pa,3,3,pose,8,inanimate_011_right_pair.png,inanimate_011_left_pair.png,131
1450,resnet_pa,3,3,pose,8,inanimate_010_left.png,inanimate_010_right.png,136
1451,resnet_pa,3,3,pose,8,animate_006_right.png,animate_006_left.png,137
1452,resnet_pa,3,3,pose,8,inanimate_008_left.png,inanimate_008_right.png,138
1453,resnet_pa,3,3,pose,8,animate_003_left.png,animate_003_right.png,148
1454,resnet_pa,3,3,pose,8,animate_011_left.png,animate_011_right.png,182
1455,resnet_pa,3,3,pose,8,inanimate_011_right.png,inanimate_011_left.png,190
1456,resnet_pa,3,3,pose,8,animate_008_right.png,animate_008_left.png,194
1457,resnet_pa,3,3,pose,8,animate_001_left.png,animate_001_right.png,199
1458,resnet_pa,3,3,pose,8,inanimate_001_left_pair.png,inanimate_001_right_pair.png,202
1459,resnet_pa,3,3,pose,8,inanimate_003_right.png,inanimate_003_left.png,206
1460,resnet_pa,3,3,pose,8,animate_003_right.png,animate_003_left.png,217
1461,resnet_pa,3,3,pose,8,animate_005_left.png,animate_005_right.png,219
1462,resnet_pa,3,3,pose,8,inanimate_010_left_pair.png,inanimate_010_right_pair.png,224
1463,resnet_pa,3,3,pose,8,animate_004_left.png,animate_004_right.png,228
1464,resnet_pa,3,3,pose,8,inanimate_010_right_pair.png,inanimate_010_left_pair.png,230
1465,resnet_pa,3,3,pose,8,inanimate_008_right.png,inanimate_008_left.png,232
1466,resnet_pa,3,3,pose,8,inanimate_005_right_pair.png,inanimate_005_left_pair.png,242
1467,resnet_pa,3,3,pose,8,animate_002_left_pair.png,animate_002_right_pair.png,243
1468,resnet_pa,3,3,pose,8,inanimate_002_left_pair.png,inanimate_002_right_pair.png,248
1469,resnet_pa,3,3,pose,8,animate_010_right.png,animate_010_left.png,249
1470,resnet_pa,3,3,pose,8,animate_006_left_pair.png,animate_006_right_pair.png,253
1471,resnet_pa,3,3,pose,8,inanimate_003_left_pair.png,inanimate_003_right_pair.png,254
1472,resnet_pa,3,3,pose,8,animate_012_left_pair.png,animate_012_right_pair.png,255
1473,resnet_pa,3,3,pose,8,inanimate_008_left_pair.png,inanimate_008_right_pair.png,259
1474,resnet_pa,3,3,pose,8,inanimate_003_left.png,inanimate_003_right.png,271
1475,resnet_pa,3,3,pose,8,inanimate_006_right_pair.png,inanimate_006_left_pair.png,272
1476,resnet_pa,3,3,pose,8,animate_009_left.png,animate_009_right.png,273
1477,resnet_pa,3,3,pose,8,inanimate_009_left.png,inanimate_009_right.png,276
1478,resnet_pa,3,3,pose,8,inanimate_009_right.png,inanimate_009_left.png,303
1479,resnet_pa,3,3,pose,8,inanimate_006_right.png,inanimate_006_left.png,319
1480,resnet_pa,3,3,pose,8,inanimate_004_left.png,inanimate_004_right.png,322
1481,resnet_pa,3,3,pose,8,animate_009_right.png,animate_009_left.png,325
1482,resnet_pa,3,3,pose,8,inanimate_002_right.png,inanimate_002_left.png,327
1483,resnet_pa,3,3,pose,8,animate_001_left_pair.png,animate_001_right_pair.png,339
1484,resnet_pa,3,3,pose,8,inanimate_005_left_pair.png,inanimate_005_right_pair.png,340
1485,resnet_pa,3,3,pose,8,inanimate_004_right_pair.png,inanimate_004_left_pair.png,346
1486,resnet_pa,3,3,pose,8,animate_009_right_pair.png,animate_009_left_pair.png,348
1487,resnet_pa,3,3,pose,8,animate_008_left.png,animate_008_right.png,368
1488,resnet_pa,3,3,pose,8,animate_005_right.png,animate_005_left.png,371
1489,resnet_pa,3,3,pose,8,animate_005_right_pair.png,animate_005_left_pair.png,379
1490,resnet_pa,3,3,pose,8,inanimate_007_right.png,inanimate_007_left.png,383
1491,resnet_pa,3,3,pose,8,inanimate_006_left.png,inanimate_006_right.png,391
1492,resnet_pa,3,3,pose,8,animate_007_right_pair.png,animate_007_left_pair.png,393
1493,resnet_pa,3,3,pose,8,animate_010_left.png,animate_010_right.png,397
1494,resnet_pa,3,3,pose,8,inanimate_004_left_pair.png,inanimate_004_right_pair.png,403
1495,resnet_pa,3,3,pose,8,animate_005_left_pair.png,animate_005_right_pair.png,406
1496,resnet_pa,3,3,pose,8,animate_008_left_pair.png,animate_008_right_pair.png,420
1497,resnet_pa,3,3,pose,8,animate_007_right.png,animate_007_left.png,436
1498,resnet_pa,3,3,pose,8,animate_012_right_pair.png,animate_012_left_pair.png,445
1499,resnet_pa,3,3,pose,8,animate_002_right.png,animate_002_left.png,453
1500,resnet_pa,3,3,pose,8,inanimate_012_left_pair.png,inanimate_012_right_pair.png,457
1501,resnet_pa,3,3,pose,8,animate_007_left.png,animate_007_right.png,467
1502,resnet_pa,3,3,pose,8,inanimate_001_right.png,inanimate_001_left.png,482
1503,resnet_pa,3,3,pose,8,inanimate_011_left.png,inanimate_011_right.png,495
1504,resnet_pa,3,3,pose,8,animate_006_left.png,animate_006_right.png,496
1505,resnet_pa,3,3,pose,8,animate_006_right_pair.png,animate_006_left_pair.png,497
1506,resnet_pa,3,3,pose,8,inanimate_010_right.png,inanimate_010_left.png,508
1507,resnet_pa,3,3,pose,8,inanimate_007_left.png,inanimate_007_right.png,531
1508,resnet_pa,3,3,pose,8,animate_008_right_pair.png,animate_008_left_pair.png,541
1509,resnet_pa,3,3,pose,8,animate_003_left_pair.png,animate_003_right_pair.png,564
1510,resnet_pa,3,3,pose,8,inanimate_011_left_pair.png,inanimate_011_right_pair.png,565
1511,resnet_pa,3,3,pose,8,animate_007_left_pair.png,animate_007_right_pair.png,575
1512,resnet_pa,3,3,pose,8,inanimate_007_right_pair.png,inanimate_007_left_pair.png,588
1513,resnet_pa,3,3,pose,8,animate_011_right_pair.png,animate_011_left_pair.png,596
1514,resnet_pa,3,3,pose,8,inanimate_007_left_pair.png,inanimate_007_right_pair.png,598
1515,resnet_pa,3,3,pose,8,inanimate_002_left.png,inanimate_002_right.png,632
1516,resnet_pa,3,3,pose,8,animate_004_right.png,animate_004_left.png,652
1517,resnet_pa,3,3,pose,8,inanimate_008_right_pair.png,inanimate_008_left_pair.png,678
1518,resnet_pa,3,3,pose,8,animate_011_left_pair.png,animate_011_right_pair.png,716
1519,resnet_pa,3,3,pose,8,animate_009_left_pair.png,animate_009_right_pair.png,723
1520,resnet_pa,3,3,pose,8,animate_004_left_pair.png,animate_004_right_pair.png,768
1521,resnet_pa,3,3,pose,8,animate_012_left.png,animate_012_right.png,776
1522,resnet_pa,3,3,pose,8,animate_010_right_pair.png,animate_010_left_pair.png,805
1523,resnet_pa,3,3,pose,8,animate_001_right_pair.png,animate_001_left_pair.png,824
1524,resnet_pa,3,5,pose,13,inanimate_009_right_pair.png,inanimate_009_left_pair.png,4
1525,resnet_pa,3,5,pose,13,animate_004_right_pair.png,animate_004_left_pair.png,7
1526,resnet_pa,3,5,pose,13,animate_011_right.png,animate_011_left.png,24
1527,resnet_pa,3,5,pose,13,inanimate_001_left.png,inanimate_001_right.png,33
1528,resnet_pa,3,5,pose,13,inanimate_012_left.png,inanimate_012_right.png,36
1529,resnet_pa,3,5,pose,13,animate_002_right_pair.png,animate_002_left_pair.png,45
1530,resnet_pa,3,5,pose,13,inanimate_012_right_pair.png,inanimate_012_left_pair.png,61
1531,resnet_pa,3,5,pose,13,inanimate_003_right_pair.png,inanimate_003_left_pair.png,62
1532,resnet_pa,3,5,pose,13,inanimate_005_left.png,inanimate_005_right.png,73
1533,resnet_pa,3,5,pose,13,animate_003_right_pair.png,animate_003_left_pair.png,78
1534,resnet_pa,3,5,pose,13,inanimate_009_left_pair.png,inanimate_009_right_pair.png,88
1535,resnet_pa,3,5,pose,13,inanimate_006_left_pair.png,inanimate_006_right_pair.png,91
1536,resnet_pa,3,5,pose,13,animate_001_right.png,animate_001_left.png,92
1537,resnet_pa,3,5,pose,13,inanimate_005_right.png,inanimate_005_left.png,93
1538,resnet_pa,3,5,pose,13,inanimate_012_right.png,inanimate_012_left.png,98
1539,resnet_pa,3,5,pose,13,inanimate_002_right_pair.png,inanimate_002_left_pair.png,104
1540,resnet_pa,3,5,pose,13,inanimate_004_right.png,inanimate_004_left.png,107
1541,resnet_pa,3,5,pose,13,animate_010_left_pair.png,animate_010_right_pair.png,112
1542,resnet_pa,3,5,pose,13,animate_012_right.png,animate_012_left.png,115
1543,resnet_pa,3,5,pose,13,inanimate_001_right_pair.png,inanimate_001_left_pair.png,117
1544,resnet_pa,3,5,pose,13,animate_002_left.png,animate_002_right.png,129
1545,resnet_pa,3,5,pose,13,inanimate_011_right_pair.png,inanimate_011_left_pair.png,131
1546,resnet_pa,3,5,pose,13,inanimate_010_left.png,inanimate_010_right.png,136
1547,resnet_pa,3,5,pose,13,animate_006_right.png,animate_006_left.png,137
1548,resnet_pa,3,5,pose,13,inanimate_008_left.png,inanimate_008_right.png,138
1549,resnet_pa,3,5,pose,13,animate_003_left.png,animate_003_right.png,148
1550,resnet_pa,3,5,pose,13,animate_011_left.png,animate_011_right.png,182
1551,resnet_pa,3,5,pose,13,inanimate_011_right.png,inanimate_011_left.png,190
1552,resnet_pa,3,5,pose,13,animate_008_right.png,animate_008_left.png,194
1553,resnet_pa,3,5,pose,13,animate_001_left.png,animate_001_right.png,199
1554,resnet_pa,3,5,pose,13,inanimate_001_left_pair.png,inanimate_001_right_pair.png,202
1555,resnet_pa,3,5,pose,13,inanimate_003_right.png,inanimate_003_left.png,206
1556,resnet_pa,3,5,pose,13,animate_003_right.png,animate_003_left.png,217
1557,resnet_pa,3,5,pose,13,animate_005_left.png,animate_005_right.png,219
1558,resnet_pa,3,5,pose,13,inanimate_010_left_pair.png,inanimate_010_right_pair.png,224
1559,resnet_pa,3,5,pose,13,animate_004_left.png,animate_004_right.png,228
1560,resnet_pa,3,5,pose,13,inanimate_010_right_pair.png,inanimate_010_left_pair.png,230
1561,resnet_pa,3,5,pose,13,inanimate_008_right.png,inanimate_008_left.png,232
1562,resnet_pa,3,5,pose,13,inanimate_005_right_pair.png,inanimate_005_left_pair.png,242
1563,resnet_pa,3,5,pose,13,animate_002_left_pair.png,animate_002_right_pair.png,243
1564,resnet_pa,3,5,pose,13,inanimate_002_left_pair.png,inanimate_002_right_pair.png,248
1565,resnet_pa,3,5,pose,13,animate_010_right.png,animate_010_left.png,249
1566,resnet_pa,3,5,pose,13,animate_006_left_pair.png,animate_006_right_pair.png,253
1567,resnet_pa,3,5,pose,13,inanimate_003_left_pair.png,inanimate_003_right_pair.png,254
1568,resnet_pa,3,5,pose,13,animate_012_left_pair.png,animate_012_right_pair.png,255
1569,resnet_pa,3,5,pose,13,inanimate_008_left_pair.png,inanimate_008_right_pair.png,259
1570,resnet_pa,3,5,pose,13,inanimate_003_left.png,inanimate_003_right.png,271
1571,resnet_pa,3,5,pose,13,inanimate_006_right_pair.png,inanimate_006_left_pair.png,272
1572,resnet_pa,3,5,pose,13,animate_009_left.png,animate_009_right.png,273
1573,resnet_pa,3,5,pose,13,inanimate_009_left.png,inanimate_009_right.png,276
1574,resnet_pa,3,5,pose,13,inanimate_009_right.png,inanimate_009_left.png,303
1575,resnet_pa,3,5,pose,13,inanimate_006_right.png,inanimate_006_left.png,319
1576,resnet_pa,3,5,pose,13,inanimate_004_left.png,inanimate_004_right.png,322
1577,resnet_pa,3,5,pose,13,animate_009_right.png,animate_009_left.png,325
1578,resnet_pa,3,5,pose,13,inanimate_002_right.png,inanimate_002_left.png,327
1579,resnet_pa,3,5,pose,13,animate_001_left_pair.png,animate_001_right_pair.png,339
1580,resnet_pa,3,5,pose,13,inanimate_005_left_pair.png,inanimate_005_right_pair.png,340
1581,resnet_pa,3,5,pose,13,inanimate_004_right_pair.png,inanimate_004_left_pair.png,346
1582,resnet_pa,3,5,pose,13,animate_009_right_pair.png,animate_009_left_pair.png,348
1583,resnet_pa,3,5,pose,13,animate_008_left.png,animate_008_right.png,368
1584,resnet_pa,3,5,pose,13,animate_005_right.png,animate_005_left.png,371
1585,resnet_pa,3,5,pose,13,animate_005_right_pair.png,animate_005_left_pair.png,379
1586,resnet_pa,3,5,pose,13,inanimate_007_right.png,inanimate_007_left.png,383
1587,resnet_pa,3,5,pose,13,inanimate_006_left.png,inanimate_006_right.png,391
1588,resnet_pa,3,5,pose,13,animate_007_right_pair.png,animate_007_left_pair.png,393
1589,resnet_pa,3,5,pose,13,animate_010_left.png,animate_010_right.png,397
1590,resnet_pa,3,5,pose,13,inanimate_004_left_pair.png,inanimate_004_right_pair.png,403
1591,resnet_pa,3,5,pose,13,animate_005_left_pair.png,animate_005_right_pair.png,406
1592,resnet_pa,3,5,pose,13,animate_008_left_pair.png,animate_008_right_pair.png,420
1593,resnet_pa,3,5,pose,13,animate_007_right.png,animate_007_left.png,436
1594,resnet_pa,3,5,pose,13,animate_012_right_pair.png,animate_012_left_pair.png,445
1595,resnet_pa,3,5,pose,13,animate_002_right.png,animate_002_left.png,453
1596,resnet_pa,3,5,pose,13,inanimate_012_left_pair.png,inanimate_012_right_pair.png,457
1597,resnet_pa,3,5,pose,13,animate_007_left.png,animate_007_right.png,467
1598,resnet_pa,3,5,pose,13,inanimate_001_right.png,inanimate_001_left.png,482
1599,resnet_pa,3,5,pose,13,inanimate_011_left.png,inanimate_011_right.png,495
1600,resnet_pa,3,5,pose,13,animate_006_left.png,animate_006_right.png,496
1601,resnet_pa,3,5,pose,13,animate_006_right_pair.png,animate_006_left_pair.png,497
1602,resnet_pa,3,5,pose,13,inanimate_010_right.png,inanimate_010_left.png,508
1603,resnet_pa,3,5,pose,13,inanimate_007_left.png,inanimate_007_right.png,531
1604,resnet_pa,3,5,pose,13,animate_008_right_pair.png,animate_008_left_pair.png,541
1605,resnet_pa,3,5,pose,13,animate_003_left_pair.png,animate_003_right_pair.png,564
1606,resnet_pa,3,5,pose,13,inanimate_011_left_pair.png,inanimate_011_right_pair.png,565
1607,resnet_pa,3,5,pose,13,animate_007_left_pair.png,animate_007_right_pair.png,575
1608,resnet_pa,3,5,pose,13,inanimate_007_right_pair.png,inanimate_007_left_pair.png,588
1609,resnet_pa,3,5,pose,13,animate_011_right_pair.png,animate_011_left_pair.png,596
1610,resnet_pa,3,5,pose,13,inanimate_007_left_pair.png,inanimate_007_right_pair.png,598
1611,resnet_pa,3,5,pose,13,inanimate_002_left.png,inanimate_002_right.png,632
1612,resnet_pa,3,5,pose,13,animate_004_right.png,animate_004_left.png,652
1613,resnet_pa,3,5,pose,13,inanimate_008_right_pair.png,inanimate_008_left_pair.png,678
1614,resnet_pa,3,5,pose,13,animate_011_left_pair.png,animate_011_right_pair.png,716
1615,resnet_pa,3,5,pose,13,animate_009_left_pair.png,animate_009_right_pair.png,723
1616,resnet_pa,3,5,pose,13,animate_004_left_pair.png,animate_004_right_pair.png,768
1617,resnet_pa,3,5,pose,13,animate_012_left.png,animate_012_right.png,776
1618,resnet_pa,3,5,pose,13,animate_010_right_pair.png,animate_010_left_pair.png,805
1619,resnet_pa,3,5,pose,13,animate_001_right_pair.png,animate_001_left_pair.png,824
1620,resnet_pa,3,1,animacy,4,inanimate_008_right.png,animate_012_right.png,5
1621,resnet_pa,3,1,animacy,4,inanimate_010_left_pair.png,animate_010_left_pair.png,11
1622,resnet_pa,3,1,animacy,4,inanimate_004_left_pair.png,animate_002_left_pair.png,13
1623,resnet_pa,3,1,animacy,4,animate_005_right_pair.png,inanimate_005_right_pair.png,22
1624,resnet_pa,3,1,animacy,4,inanimate_010_left.png,animate_005_left.png,31
1625,resnet_pa,3,1,animacy,4,inanimate_008_right.png,animate_002_right.png,32
1626,resnet_pa,3,1,animacy,4,inanimate_001_right.png,animate_011_right.png,49
1627,resnet_pa,3,1,animacy,4,inanimate_011_left_pair.png,animate_010_left_pair.png,50
1628,resnet_pa,3,1,animacy,4,inanimate_009_right.png,animate_007_right.png,52
1629,resnet_pa,3,1,animacy,4,animate_007_left_pair.png,inanimate_004_left_pair.png,59
1630,resnet_pa,3,1,animacy,4,animate_001_left.png,inanimate_004_left.png,66
1631,resnet_pa,3,1,animacy,4,animate_005_left_pair.png,inanimate_007_left_pair.png,68
1632,resnet_pa,3,1,animacy,4,animate_004_left_pair.png,inanimate_005_left_pair.png,72
1633,resnet_pa,3,1,animacy,4,inanimate_008_right_pair.png,animate_004_right_pair.png,84
1634,resnet_pa,3,1,animacy,4,animate_005_right.png,inanimate_006_right.png,89
1635,resnet_pa,3,1,animacy,4,animate_005_left_pair.png,inanimate_011_left_pair.png,101
1636,resnet_pa,3,1,animacy,4,animate_003_right_pair.png,inanimate_005_right_pair.png,106
1637,resnet_pa,3,1,animacy,4,animate_009_left_pair.png,inanimate_009_left_pair.png,109
1638,resnet_pa,3,1,animacy,4,animate_007_left.png,inanimate_009_left.png,110
1639,resnet_pa,3,1,animacy,4,animate_005_right_pair.png,inanimate_003_right_pair.png,120
1640,resnet_pa,3,1,animacy,4,inanimate_009_left.png,animate_009_left.png,123
1641,resnet_pa,3,1,animacy,4,inanimate_008_left.png,animate_003_left.png,124
1642,resnet_pa,3,1,animacy,4,animate_009_left.png,inanimate_012_left.png,125
1643,resnet_pa,3,1,animacy,4,animate_010_left.png,inanimate_003_left.png,128
1644,resnet_pa,3,1,animacy,4,inanimate_008_right_pair.png,animate_008_right_pair.png,139
1645,resnet_pa,3,1,animacy,4,inanimate_012_left_pair.png,animate_007_left_pair.png,142
1646,resnet_pa,3,1,animacy,4,animate_012_left.png,inanimate_008_left.png,147
1647,resnet_pa,3,1,animacy,4,inanimate_003_left.png,animate_001_left.png,154
1648,resnet_pa,3,1,animacy,4,inanimate_010_left.png,animate_008_left.png,156
1649,resnet_pa,3,1,animacy,4,inanimate_010_right_pair.png,animate_009_right_pair.png,158
1650,resnet_pa,3,1,animacy,4,animate_001_right.png,inanimate_006_right.png,161
1651,resnet_pa,3,1,animacy,4,animate_004_left.png,inanimate_004_left.png,162
1652,resnet_pa,3,1,animacy,4,inanimate_005_left_pair.png,animate_003_left_pair.png,170
1653,resnet_pa,3,1,animacy,4,inanimate_006_right_pair.png,animate_002_right_pair.png,171
1654,resnet_pa,3,1,animacy,4,inanimate_007_left_pair.png,animate_003_left_pair.png,173
1655,resnet_pa,3,1,animacy,4,inanimate_009_left.png,animate_004_left.png,176
1656,resnet_pa,3,1,animacy,4,inanimate_003_right.png,animate_005_right.png,178
1657,resnet_pa,3,1,animacy,4,animate_011_right_pair.png,inanimate_008_right_pair.png,179
1658,resnet_pa,3,1,animacy,4,animate_004_right_pair.png,inanimate_011_right_pair.png,180
1659,resnet_pa,3,1,animacy,4,inanimate_011_left_pair.png,animate_003_left_pair.png,184
1660,resnet_pa,3,1,animacy,4,animate_005_right_pair.png,inanimate_004_right_pair.png,188
1661,resnet_pa,3,1,animacy,4,animate_003_left_pair.png,inanimate_010_left_pair.png,191
1662,resnet_pa,3,1,animacy,4,inanimate_001_left_pair.png,animate_006_left_pair.png,192
1663,resnet_pa,3,1,animacy,4,inanimate_003_left.png,animate_006_left.png,196
1664,resnet_pa,3,1,animacy,4,inanimate_001_right_pair.png,animate_002_right_pair.png,198
1665,resnet_pa,3,1,animacy,4,inanimate_009_right_pair.png,animate_005_right_pair.png,203
1666,resnet_pa,3,1,animacy,4,animate_004_left_pair.png,inanimate_012_left_pair.png,216
1667,resnet_pa,3,1,animacy,4,inanimate_003_right_pair.png,animate_011_right_pair.png,218
1668,resnet_pa,3,1,animacy,4,inanimate_006_right.png,animate_002_right.png,220
1669,resnet_pa,3,1,animacy,4,inanimate_005_left.png,animate_004_left.png,221
1670,resnet_pa,3,1,animacy,4,inanimate_002_right_pair.png,animate_002_right_pair.png,227
1671,resnet_pa,3,1,animacy,4,animate_006_right_pair.png,inanimate_009_right_pair.png,231
1672,resnet_pa,3,1,animacy,4,animate_006_right_pair.png,inanimate_008_right_pair.png,233
1673,resnet_pa,3,1,animacy,4,animate_012_left_pair.png,inanimate_009_left_pair.png,235
1674,resnet_pa,3,1,animacy,4,animate_009_right_pair.png,inanimate_010_right_pair.png,236
1675,resnet_pa,3,1,animacy,4,animate_003_right.png,inanimate_004_right.png,239
1676,resnet_pa,3,1,animacy,4,animate_011_left.png,inanimate_008_left.png,240
1677,resnet_pa,3,1,animacy,4,inanimate_012_left.png,animate_009_left.png,244
1678,resnet_pa,3,1,animacy,4,animate_011_left_pair.png,inanimate_010_left_pair.png,250
1679,resnet_pa,3,1,animacy,4,animate_010_left_pair.png,inanimate_008_left_pair.png,256
1680,resnet_pa,3,1,animacy,4,inanimate_005_right.png,animate_009_right.png,260
1681,resnet_pa,3,1,animacy,4,inanimate_012_left_pair.png,animate_010_left_pair.png,261
1682,resnet_pa,3,1,animacy,4,inanimate_009_right.png,animate_003_right.png,262
1683,resnet_pa,3,1,animacy,4,animate_012_left.png,inanimate_005_left.png,263
1684,resnet_pa,3,1,animacy,4,animate_005_left_pair.png,inanimate_012_left_pair.png,265
1685,resnet_pa,3,1,animacy,4,animate_003_left.png,inanimate_006_left.png,266
1686,resnet_pa,3,1,animacy,4,animate_007_right_pair.png,inanimate_002_right_pair.png,267
1687,resnet_pa,3,1,animacy,4,animate_002_left.png,inanimate_005_left.png,274
1688,resnet_pa,3,1,animacy,4,animate_003_left.png,inanimate_003_left.png,277
1689,resnet_pa,3,1,animacy,4,animate_009_right_pair.png,inanimate_002_right_pair.png,280
1690,resnet_pa,3,1,animacy,4,inanimate_004_left.png,animate_003_left.png,284
1691,resnet_pa,3,1,animacy,4,animate_004_left_pair.png,inanimate_007_left_pair.png,286
1692,resnet_pa,3,1,animacy,4,inanimate_007_right.png,animate_011_right.png,299
1693,resnet_pa,3,1,animacy,4,inanimate_009_left_pair.png,animate_004_left_pair.png,300
1694,resnet_pa,3,1,animacy,4,inanimate_008_right_pair.png,animate_006_right_pair.png,304
1695,resnet_pa,3,1,animacy,4,animate_007_left_pair.png,inanimate_010_left_pair.png,305
1696,resnet_pa,3,1,animacy,4,animate_003_right.png,inanimate_012_right.png,306
1697,resnet_pa,3,1,animacy,4,inanimate_011_left.png,animate_002_left.png,312
1698,resnet_pa,3,1,animacy,4,animate_006_right.png,inanimate_002_right.png,314
1699,resnet_pa,3,1,animacy,4,inanimate_009_right_pair.png,animate_010_right_pair.png,315
1700,resnet_pa,3,1,animacy,4,inanimate_008_right_pair.png,animate_001_right_pair.png,317
1701,resnet_pa,3,1,animacy,4,animate_006_left.png,inanimate_004_left.png,323
1702,resnet_pa,3,1,animacy,4,inanimate_009_right.png,animate_001_right.png,326
1703,resnet_pa,3,1,animacy,4,animate_003_right.png,inanimate_001_right.png,336
1704,resnet_pa,3,1,animacy,4,inanimate_009_right_pair.png,animate_009_right_pair.png,338
1705,resnet_pa,3,1,animacy,4,inanimate_011_right.png,animate_005_right.png,342
1706,resnet_pa,3,1,animacy,4,inanimate_007_left.png,animate_009_left.png,345
1707,resnet_pa,3,1,animacy,4,inanimate_002_right.png,animate_005_right.png,349
1708,resnet_pa,3,1,animacy,4,inanimate_008_right_pair.png,animate_012_right_pair.png,351
1709,resnet_pa,3,1,animacy,4,inanimate_011_right.png,animate_003_right.png,354
1710,resnet_pa,3,1,animacy,4,inanimate_005_left_pair.png,animate_007_left_pair.png,355
1711,resnet_pa,3,1,animacy,4,inanimate_003_right_pair.png,animate_006_right_pair.png,357
1712,resnet_pa,3,1,animacy,4,animate_012_right.png,inanimate_008_right.png,358
1713,resnet_pa,3,1,animacy,4,inanimate_008_left.png,animate_010_left.png,364
1714,resnet_pa,3,1,animacy,4,inanimate_001_left.png,animate_005_left.png,365
1715,resnet_pa,3,1,animacy,4,inanimate_007_left_pair.png,animate_002_left_pair.png,366
1716,resnet_pa,3,1,animacy,4,inanimate_001_left.png,animate_010_left.png,369
1717,resnet_pa,3,1,animacy,4,inanimate_012_left_pair.png,animate_002_left_pair.png,372
1718,resnet_pa,3,1,animacy,4,inanimate_002_right_pair.png,animate_008_right_pair.png,373
1719,resnet_pa,3,1,animacy,4,animate_005_left_pair.png,inanimate_006_left_pair.png,375
1720,resnet_pa,3,1,animacy,4,inanimate_003_right_pair.png,animate_008_right_pair.png,377
1721,resnet_pa,3,1,animacy,4,animate_012_right.png,inanimate_011_right.png,382
1722,resnet_pa,3,1,animacy,4,inanimate_005_left_pair.png,animate_009_left_pair.png,385
1723,resnet_pa,3,1,animacy,4,animate_010_right.png,inanimate_003_right.png,387
1724,resnet_pa,3,1,animacy,4,inanimate_001_left.png,animate_006_left.png,389
1725,resnet_pa,3,1,animacy,4,animate_008_left.png,inanimate_007_left.png,395
1726,resnet_pa,3,1,animacy,4,animate_001_right.png,inanimate_007_right.png,396
1727,resnet_pa,3,1,animacy,4,animate_004_right.png,inanimate_002_right.png,401
1728,resnet_pa,3,1,animacy,4,animate_008_right.png,inanimate_011_right.png,402
1729,resnet_pa,3,1,animacy,4,inanimate_008_right_pair.png,animate_007_right_pair.png,404
1730,resnet_pa,3,1,animacy,4,inanimate_008_left_pair.png,animate_003_left_pair.png,410
1731,resnet_pa,3,1,animacy,4,animate_004_right_pair.png,inanimate_012_right_pair.png,411
1732,resnet_pa,3,1,animacy,4,animate_004_left.png,inanimate_001_left.png,412
1733,resnet_pa,3,1,animacy,4,inanimate_007_left.png,animate_011_left.png,415
1734,resnet_pa,3,1,animacy,4,animate_006_left.png,inanimate_007_left.png,416
1735,resnet_pa,3,1,animacy,4,animate_002_right_pair.png,inanimate_011_right_pair.png,419
1736,resnet_pa,3,1,animacy,4,inanimate_001_right_pair.png,animate_001_right_pair.png,421
1737,resnet_pa,3,1,animacy,4,inanimate_002_left_pair.png,animate_006_left_pair.png,424
1738,resnet_pa,3,1,animacy,4,animate_006_right_pair.png,inanimate_011_right_pair.png,425
1739,resnet_pa,3,1,animacy,4,animate_004_left.png,inanimate_006_left.png,429
1740,resnet_pa,3,1,animacy,4,inanimate_001_right_pair.png,animate_005_right_pair.png,430
1741,resnet_pa,3,1,animacy,4,animate_010_right.png,inanimate_012_right.png,431
1742,resnet_pa,3,1,animacy,4,inanimate_007_left_pair.png,animate_009_left_pair.png,433
1743,resnet_pa,3,1,animacy,4,inanimate_011_left_pair.png,animate_001_left_pair.png,435
1744,resnet_pa,3,1,animacy,4,inanimate_002_right.png,animate_010_right.png,437
1745,resnet_pa,3,1,animacy,4,animate_008_left_pair.png,inanimate_006_left_pair.png,438
1746,resnet_pa,3,1,animacy,4,inanimate_001_left_pair.png,animate_007_left_pair.png,440
1747,resnet_pa,3,1,animacy,4,inanimate_002_right.png,animate_001_right.png,447
1748,resnet_pa,3,1,animacy,4,animate_007_left_pair.png,inanimate_003_left_pair.png,450
1749,resnet_pa,3,1,animacy,4,inanimate_008_left.png,animate_007_left.png,451
1750,resnet_pa,3,1,animacy,4,animate_008_left.png,inanimate_001_left.png,455
1751,resnet_pa,3,1,animacy,4,animate_002_left_pair.png,inanimate_011_left_pair.png,462
1752,resnet_pa,3,1,animacy,4,inanimate_011_right_pair.png,animate_005_right_pair.png,463
1753,resnet_pa,3,1,animacy,4,inanimate_005_right_pair.png,animate_011_right_pair.png,464
1754,resnet_pa,3,1,animacy,4,inanimate_001_right.png,animate_005_right.png,466
1755,resnet_pa,3,1,animacy,4,animate_010_left.png,inanimate_005_left.png,473
1756,resnet_pa,3,1,animacy,4,inanimate_009_right.png,animate_009_right.png,475
1757,resnet_pa,3,1,animacy,4,animate_004_left_pair.png,inanimate_009_left_pair.png,479
1758,resnet_pa,3,1,animacy,4,inanimate_005_left.png,animate_006_left.png,480
1759,resnet_pa,3,1,animacy,4,animate_002_right.png,inanimate_012_right.png,483
1760,resnet_pa,3,1,animacy,4,animate_011_right_pair.png,inanimate_002_right_pair.png,484
1761,resnet_pa,3,1,animacy,4,animate_001_right_pair.png,inanimate_008_right_pair.png,487
1762,resnet_pa,3,1,animacy,4,animate_011_right_pair.png,inanimate_012_right_pair.png,491
1763,resnet_pa,3,1,animacy,4,inanimate_010_right.png,animate_004_right.png,493
1764,resnet_pa,3,1,animacy,4,animate_011_left_pair.png,inanimate_011_left_pair.png,499
1765,resnet_pa,3,1,animacy,4,animate_010_left.png,inanimate_012_left.png,500
1766,resnet_pa,3,1,animacy,4,inanimate_003_right.png,animate_008_right.png,501
1767,resnet_pa,3,1,animacy,4,inanimate_005_right_pair.png,animate_002_right_pair.png,502
1768,resnet_pa,3,1,animacy,4,inanimate_004_left.png,animate_005_left.png,503
1769,resnet_pa,3,1,animacy,4,inanimate_012_left_pair.png,animate_012_left_pair.png,504
1770,resnet_pa,3,1,animacy,4,inanimate_007_left_pair.png,animate_005_left_pair.png,505
1771,resnet_pa,3,1,animacy,4,inanimate_007_right_pair.png,animate_008_right_pair.png,506
1772,resnet_pa,3,1,animacy,4,animate_008_right.png,inanimate_001_right.png,509
1773,resnet_pa,3,1,animacy,4,animate_007_right.png,inanimate_004_right.png,510
1774,resnet_pa,3,1,animacy,4,inanimate_003_left_pair.png,animate_008_left_pair.png,513
1775,resnet_pa,3,1,animacy,4,inanimate_008_right.png,animate_005_right.png,514
1776,resnet_pa,3,1,animacy,4,inanimate_011_right_pair.png,animate_002_right_pair.png,516
1777,resnet_pa,3,1,animacy,4,inanimate_012_right_pair.png,animate_001_right_pair.png,517
1778,resnet_pa,3,1,animacy,4,animate_003_left.png,inanimate_012_left.png,519
1779,resnet_pa,3,1,animacy,4,inanimate_006_right_pair.png,animate_011_right_pair.png,522
1780,resnet_pa,3,1,animacy,4,animate_007_right.png,inanimate_002_right.png,527
1781,resnet_pa,3,1,animacy,4,animate_001_right_pair.png,inanimate_009_right_pair.png,530
1782,resnet_pa,3,1,animacy,4,inanimate_003_right.png,animate_011_right.png,538
1783,resnet_pa,3,1,animacy,4,animate_009_right.png,inanimate_004_right.png,540
1784,resnet_pa,3,1,animacy,4,inanimate_004_right_pair.png,animate_011_right_pair.png,542
1785,resnet_pa,3,1,animacy,4,animate_003_left.png,inanimate_002_left.png,543
1786,resnet_pa,3,1,animacy,4,animate_009_left_pair.png,inanimate_001_left_pair.png,546
1787,resnet_pa,3,1,animacy,4,animate_010_right.png,inanimate_006_right.png,548
1788,resnet_pa,3,1,animacy,4,animate_008_right_pair.png,inanimate_008_right_pair.png,552
1789,resnet_pa,3,1,animacy,4,inanimate_010_right_pair.png,animate_007_right_pair.png,558
1790,resnet_pa,3,1,animacy,4,inanimate_004_left_pair.png,animate_007_left_pair.png,559
1791,resnet_pa,3,1,animacy,4,inanimate_008_left.png,animate_009_left.png,560
1792,resnet_pa,3,1,animacy,4,inanimate_008_left.png,animate_006_left.png,563
1793,resnet_pa,3,1,animacy,4,animate_005_left_pair.png,inanimate_008_left_pair.png,567
1794,resnet_pa,3,1,animacy,4,animate_005_right.png,inanimate_005_right.png,568
1795,resnet_pa,3,1,animacy,4,inanimate_004_right.png,animate_008_right.png,569
1796,resnet_pa,3,1,animacy,4,inanimate_004_right_pair.png,animate_009_right_pair.png,571
1797,resnet_pa,3,1,animacy,4,animate_007_right_pair.png,inanimate_001_right_pair.png,572
1798,resnet_pa,3,1,animacy,4,animate_008_left.png,inanimate_011_left.png,578
1799,resnet_pa,3,1,animacy,4,animate_012_left_pair.png,inanimate_007_left_pair.png,579
1800,resnet_pa,3,1,animacy,4,inanimate_002_right.png,animate_003_right.png,583
1801,resnet_pa,3,1,animacy,4,inanimate_011_right.png,animate_002_right.png,585
1802,resnet_pa,3,1,animacy,4,animate_007_left_pair.png,inanimate_008_left_pair.png,586
1803,resnet_pa,3,1,animacy,4,animate_007_left.png,inanimate_008_left.png,589
1804,resnet_pa,3,1,animacy,4,animate_002_left.png,inanimate_012_left.png,590
1805,resnet_pa,3,1,animacy,4,inanimate_011_right_pair.png,animate_001_right_pair.png,592
1806,resnet_pa,3,1,animacy,4,animate_011_left.png,inanimate_010_left.png,594
1807,resnet_pa,3,1,animacy,4,inanimate_010_right.png,animate_007_right.png,595
1808,resnet_pa,3,1,animacy,4,animate_011_left.png,inanimate_007_left.png,599
1809,resnet_pa,3,1,animacy,4,animate_003_right.png,inanimate_005_right.png,600
1810,resnet_pa,3,1,animacy,4,inanimate_004_left_pair.png,animate_012_left_pair.png,604
1811,resnet_pa,3,1,animacy,4,animate_005_left.png,inanimate_007_left.png,605
1812,resnet_pa,3,1,animacy,4,animate_001_left.png,inanimate_006_left.png,609
1813,resnet_pa,3,1,animacy,4,inanimate_010_right.png,animate_010_right.png,611
1814,resnet_pa,3,1,animacy,4,animate_006_left_pair.png,inanimate_006_left_pair.png,613
1815,resnet_pa,3,1,animacy,4,animate_012_left_pair.png,inanimate_005_left_pair.png,614
1816,resnet_pa,3,1,animacy,4,inanimate_011_left_pair.png,animate_005_left_pair.png,615
1817,resnet_pa,3,1,animacy,4,inanimate_012_right.png,animate_003_right.png,619
1818,resnet_pa,3,1,animacy,4,inanimate_011_right.png,animate_010_right.png,620
1819,resnet_pa,3,1,animacy,4,animate_010_right.png,inanimate_004_right.png,621
1820,resnet_pa,3,1,animacy,4,animate_007_right.png,inanimate_008_right.png,625
1821,resnet_pa,3,1,animacy,4,animate_010_left.png,inanimate_011_left.png,626
1822,resnet_pa,3,1,animacy,4,animate_009_left_pair.png,inanimate_002_left_pair.png,627
1823,resnet_pa,3,1,animacy,4,inanimate_009_right_pair.png,animate_002_right_pair.png,629
1824,resnet_pa,3,1,animacy,4,inanimate_003_left.png,animate_009_left.png,634
1825,resnet_pa,3,1,animacy,4,inanimate_008_left_pair.png,animate_008_left_pair.png,636
1826,resnet_pa,3,1,animacy,4,inanimate_003_right_pair.png,animate_009_right_pair.png,639
1827,resnet_pa,3,1,animacy,4,animate_004_right.png,inanimate_010_right.png,643
1828,resnet_pa,3,1,animacy,4,animate_012_left_pair.png,inanimate_004_left_pair.png,644
1829,resnet_pa,3,1,animacy,4,inanimate_008_left_pair.png,animate_005_left_pair.png,646
1830,resnet_pa,3,1,animacy,4,inanimate_011_right.png,animate_008_right.png,647
1831,resnet_pa,3,1,animacy,4,inanimate_002_right_pair.png,animate_001_right_pair.png,649
1832,resnet_pa,3,1,animacy,4,animate_003_right_pair.png,inanimate_008_right_pair.png,650
1833,resnet_pa,3,1,animacy,4,animate_006_left_pair.png,inanimate_011_left_pair.png,655
1834,resnet_pa,3,1,animacy,4,animate_002_right_pair.png,inanimate_003_right_pair.png,660
1835,resnet_pa,3,1,animacy,4,animate_001_left_pair.png,inanimate_011_left_pair.png,661
1836,resnet_pa,3,1,animacy,4,inanimate_012_left.png,animate_004_left.png,664
1837,resnet_pa,3,1,animacy,4,inanimate_004_left.png,animate_008_left.png,666
1838,resnet_pa,3,1,animacy,4,animate_010_right.png,inanimate_007_right.png,667
1839,resnet_pa,3,1,animacy,4,animate_002_right_pair.png,inanimate_001_right_pair.png,668
1840,resnet_pa,3,1,animacy,4,animate_002_right_pair.png,inanimate_007_right_pair.png,669
1841,resnet_pa,3,1,animacy,4,animate_005_right.png,inanimate_011_right.png,670
1842,resnet_pa,3,1,animacy,4,animate_012_right.png,inanimate_005_right.png,673
1843,resnet_pa,3,1,animacy,4,inanimate_010_right.png,animate_006_right.png,674
1844,resnet_pa,3,1,animacy,4,inanimate_012_right.png,animate_009_right.png,675
1845,resnet_pa,3,1,animacy,4,animate_004_left.png,inanimate_012_left.png,676
1846,resnet_pa,3,1,animacy,4,animate_010_left_pair.png,inanimate_009_left_pair.png,680
1847,resnet_pa,3,1,animacy,4,animate_007_right.png,inanimate_005_right.png,681
1848,resnet_pa,3,1,animacy,4,inanimate_002_left.png,animate_012_left.png,682
1849,resnet_pa,3,1,animacy,4,animate_012_right_pair.png,inanimate_004_right_pair.png,683
1850,resnet_pa,3,1,animacy,4,animate_001_right.png,inanimate_010_right.png,684
1851,resnet_pa,3,1,animacy,4,inanimate_012_right.png,animate_010_right.png,686
1852,resnet_pa,3,1,animacy,4,animate_012_right_pair.png,inanimate_005_right_pair.png,688
1853,resnet_pa,3,1,animacy,4,animate_011_left.png,inanimate_006_left.png,689
1854,resnet_pa,3,1,animacy,4,animate_005_right_pair.png,inanimate_008_right_pair.png,693
1855,resnet_pa,3,1,animacy,4,animate_006_left.png,inanimate_002_left.png,694
1856,resnet_pa,3,1,animacy,4,animate_006_right_pair.png,inanimate_010_right_pair.png,699
1857,resnet_pa,3,1,animacy,4,animate_007_left_pair.png,inanimate_011_left_pair.png,702
1858,resnet_pa,3,1,animacy,4,animate_008_left_pair.png,inanimate_002_left_pair.png,703
1859,resnet_pa,3,1,animacy,4,inanimate_008_left_pair.png,animate_001_left_pair.png,705
1860,resnet_pa,3,1,animacy,4,inanimate_002_left_pair.png,animate_012_left_pair.png,708
1861,resnet_pa,3,1,animacy,4,animate_010_right.png,inanimate_008_right.png,712
1862,resnet_pa,3,1,animacy,4,inanimate_008_right.png,animate_006_right.png,714
1863,resnet_pa,3,1,animacy,4,animate_004_left_pair.png,inanimate_010_left_pair.png,717
1864,resnet_pa,3,1,animacy,4,inanimate_006_right_pair.png,animate_008_right_pair.png,725
1865,resnet_pa,3,1,animacy,4,inanimate_002_left_pair.png,animate_007_left_pair.png,728
1866,resnet_pa,3,1,animacy,4,inanimate_001_left_pair.png,animate_001_left_pair.png,729
1867,resnet_pa,3,1,animacy,4,inanimate_012_right.png,animate_004_right.png,730
1868,resnet_pa,3,1,animacy,4,inanimate_007_left.png,animate_007_left.png,731
1869,resnet_pa,3,1,animacy,4,animate_002_left.png,inanimate_006_left.png,732
1870,resnet_pa,3,1,animacy,4,inanimate_003_left.png,animate_011_left.png,735
1871,resnet_pa,3,1,animacy,4,animate_010_right.png,inanimate_009_right.png,737
1872,resnet_pa,3,1,animacy,4,inanimate_001_left.png,animate_012_left.png,739
1873,resnet_pa,3,1,animacy,4,inanimate_004_left_pair.png,animate_001_left_pair.png,740
1874,resnet_pa,3,1,animacy,4,animate_011_right.png,inanimate_005_right.png,741
1875,resnet_pa,3,1,animacy,4,inanimate_010_left.png,animate_001_left.png,744
1876,resnet_pa,3,1,animacy,4,inanimate_006_right_pair.png,animate_007_right_pair.png,745
1877,resnet_pa,3,1,animacy,4,animate_002_right_pair.png,inanimate_010_right_pair.png,747
1878,resnet_pa,3,1,animacy,4,animate_011_left_pair.png,inanimate_012_left_pair.png,749
1879,resnet_pa,3,1,animacy,4,inanimate_001_right_pair.png,animate_012_right_pair.png,750
1880,resnet_pa,3,1,animacy,4,animate_001_left_pair.png,inanimate_004_left_pair.png,751
1881,resnet_pa,3,1,animacy,4,inanimate_003_left_pair.png,animate_002_left_pair.png,752
1882,resnet_pa,3,1,animacy,4,inanimate_003_right_pair.png,animate_010_right_pair.png,753
1883,resnet_pa,3,1,animacy,4,animate_003_right.png,inanimate_010_right.png,754
1884,resnet_pa,3,1,animacy,4,inanimate_007_left_pair.png,animate_004_left_pair.png,763
1885,resnet_pa,3,1,animacy,4,animate_012_right_pair.png,inanimate_012_right_pair.png,764
1886,resnet_pa,3,1,animacy,4,animate_008_left_pair.png,inanimate_005_left_pair.png,771
1887,resnet_pa,3,1,animacy,4,inanimate_004_right_pair.png,animate_008_right_pair.png,773
1888,resnet_pa,3,1,animacy,4,animate_004_right.png,inanimate_012_right.png,775
1889,resnet_pa,3,1,animacy,4,inanimate_010_right.png,animate_008_right.png,777
1890,resnet_pa,3,1,animacy,4,animate_006_right.png,inanimate_005_right.png,781
1891,resnet_pa,3,1,animacy,4,inanimate_011_left.png,animate_004_left.png,782
1892,resnet_pa,3,1,animacy,4,animate_012_right.png,inanimate_009_right.png,783
1893,resnet_pa,3,1,animacy,4,animate_008_right_pair.png,inanimate_003_right_pair.png,784
1894,resnet_pa,3,1,animacy,4,animate_004_right_pair.png,inanimate_006_right_pair.png,785
1895,resnet_pa,3,1,animacy,4,animate_005_left.png,inanimate_008_left.png,789
1896,resnet_pa,3,1,animacy,4,inanimate_009_right_pair.png,animate_012_right_pair.png,790
1897,resnet_pa,3,1,animacy,4,animate_012_right.png,inanimate_006_right.png,793
1898,resnet_pa,3,1,animacy,4,inanimate_010_right.png,animate_009_right.png,795
1899,resnet_pa,3,1,animacy,4,animate_009_left_pair.png,inanimate_005_left_pair.png,798
1900,resnet_pa,3,1,animacy,4,animate_008_left.png,inanimate_002_left.png,799
1901,resnet_pa,3,1,animacy,4,animate_005_left.png,inanimate_004_left.png,800
1902,resnet_pa,3,1,animacy,4,inanimate_005_left_pair.png,animate_006_left_pair.png,801
1903,resnet_pa,3,1,animacy,4,animate_011_right.png,inanimate_003_right.png,802
1904,resnet_pa,3,1,animacy,4,inanimate_007_right.png,animate_007_right.png,803
1905,resnet_pa,3,1,animacy,4,animate_002_right_pair.png,inanimate_008_right_pair.png,807
1906,resnet_pa,3,1,animacy,4,animate_012_left.png,inanimate_002_left.png,811
1907,resnet_pa,3,1,animacy,4,animate_009_left_pair.png,inanimate_010_left_pair.png,812
1908,resnet_pa,3,1,animacy,4,inanimate_011_right_pair.png,animate_011_right_pair.png,815
1909,resnet_pa,3,1,animacy,4,inanimate_004_right.png,animate_012_right.png,816
1910,resnet_pa,3,1,animacy,4,animate_002_left_pair.png,inanimate_003_left_pair.png,817
1911,resnet_pa,3,1,animacy,4,inanimate_009_left.png,animate_001_left.png,819
1912,resnet_pa,3,1,animacy,4,animate_009_left.png,inanimate_001_left.png,820
1913,resnet_pa,3,1,animacy,4,inanimate_012_left.png,animate_011_left.png,821
1914,resnet_pa,3,1,animacy,4,animate_009_right.png,inanimate_002_right.png,826
1915,resnet_pa,3,1,animacy,4,animate_004_right.png,inanimate_009_right.png,827
1916,resnet_pa,3,1,animacy,4,animate_003_left_pair.png,inanimate_011_left_pair.png,832
1917,resnet_pa,3,1,animacy,4,inanimate_001_right.png,animate_002_right.png,833
1918,resnet_pa,3,1,animacy,4,animate_010_right_pair.png,inanimate_008_right_pair.png,835
1919,resnet_pa,3,1,animacy,4,inanimate_005_right.png,animate_011_right.png,836
1920,resnet_pa,3,1,animacy,4,animate_006_left.png,inanimate_010_left.png,837
1921,resnet_pa,3,1,animacy,4,animate_005_left_pair.png,inanimate_002_left_pair.png,838
1922,resnet_pa,3,1,animacy,4,animate_006_right_pair.png,inanimate_001_right_pair.png,839
1923,resnet_pa,3,1,animacy,4,inanimate_005_left_pair.png,animate_011_left_pair.png,840
1924,resnet_pa,3,1,animacy,4,animate_009_right.png,inanimate_001_right.png,844
1925,resnet_pa,3,3,animacy,9,inanimate_008_right.png,animate_012_right.png,5
1926,resnet_pa,3,3,animacy,9,inanimate_010_left_pair.png,animate_010_left_pair.png,11
1927,resnet_pa,3,3,animacy,9,inanimate_004_left_pair.png,animate_002_left_pair.png,13
1928,resnet_pa,3,3,animacy,9,animate_005_right_pair.png,inanimate_005_right_pair.png,22
1929,resnet_pa,3,3,animacy,9,inanimate_010_left.png,animate_005_left.png,31
1930,resnet_pa,3,3,animacy,9,inanimate_008_right.png,animate_002_right.png,32
1931,resnet_pa,3,3,animacy,9,inanimate_001_right.png,animate_011_right.png,49
1932,resnet_pa,3,3,animacy,9,inanimate_011_left_pair.png,animate_010_left_pair.png,50
1933,resnet_pa,3,3,animacy,9,inanimate_009_right.png,animate_007_right.png,52
1934,resnet_pa,3,3,animacy,9,animate_007_left_pair.png,inanimate_004_left_pair.png,59
1935,resnet_pa,3,3,animacy,9,animate_001_left.png,inanimate_004_left.png,66
1936,resnet_pa,3,3,animacy,9,animate_005_left_pair.png,inanimate_007_left_pair.png,68
1937,resnet_pa,3,3,animacy,9,animate_004_left_pair.png,inanimate_005_left_pair.png,72
1938,resnet_pa,3,3,animacy,9,inanimate_008_right_pair.png,animate_004_right_pair.png,84
1939,resnet_pa,3,3,animacy,9,animate_005_right.png,inanimate_006_right.png,89
1940,resnet_pa,3,3,animacy,9,animate_005_left_pair.png,inanimate_011_left_pair.png,101
1941,resnet_pa,3,3,animacy,9,animate_003_right_pair.png,inanimate_005_right_pair.png,106
1942,resnet_pa,3,3,animacy,9,animate_009_left_pair.png,inanimate_009_left_pair.png,109
1943,resnet_pa,3,3,animacy,9,animate_007_left.png,inanimate_009_left.png,110
1944,resnet_pa,3,3,animacy,9,animate_005_right_pair.png,inanimate_003_right_pair.png,120
1945,resnet_pa,3,3,animacy,9,inanimate_009_left.png,animate_009_left.png,123
1946,resnet_pa,3,3,animacy,9,inanimate_008_left.png,animate_003_left.png,124
1947,resnet_pa,3,3,animacy,9,animate_009_left.png,inanimate_012_left.png,125
1948,resnet_pa,3,3,animacy,9,animate_010_left.png,inanimate_003_left.png,128
1949,resnet_pa,3,3,animacy,9,inanimate_008_right_pair.png,animate_008_right_pair.png,139
1950,resnet_pa,3,3,animacy,9,inanimate_012_left_pair.png,animate_007_left_pair.png,142
1951,resnet_pa,3,3,animacy,9,animate_012_left.png,inanimate_008_left.png,147
1952,resnet_pa,3,3,animacy,9,inanimate_003_left.png,animate_001_left.png,154
1953,resnet_pa,3,3,animacy,9,inanimate_010_left.png,animate_008_left.png,156
1954,resnet_pa,3,3,animacy,9,inanimate_010_right_pair.png,animate_009_right_pair.png,158
1955,resnet_pa,3,3,animacy,9,animate_001_right.png,inanimate_006_right.png,161
1956,resnet_pa,3,3,animacy,9,animate_004_left.png,inanimate_004_left.png,162
1957,resnet_pa,3,3,animacy,9,inanimate_005_left_pair.png,animate_003_left_pair.png,170
1958,resnet_pa,3,3,animacy,9,inanimate_006_right_pair.png,animate_002_right_pair.png,171
1959,resnet_pa,3,3,animacy,9,inanimate_007_left_pair.png,animate_003_left_pair.png,173
1960,resnet_pa,3,3,animacy,9,inanimate_009_left.png,animate_004_left.png,176
1961,resnet_pa,3,3,animacy,9,inanimate_003_right.png,animate_005_right.png,178
1962,resnet_pa,3,3,animacy,9,animate_011_right_pair.png,inanimate_008_right_pair.png,179
1963,resnet_pa,3,3,animacy,9,animate_004_right_pair.png,inanimate_011_right_pair.png,180
1964,resnet_pa,3,3,animacy,9,inanimate_011_left_pair.png,animate_003_left_pair.png,184
1965,resnet_pa,3,3,animacy,9,animate_005_right_pair.png,inanimate_004_right_pair.png,188
1966,resnet_pa,3,3,animacy,9,animate_003_left_pair.png,inanimate_010_left_pair.png,191
1967,resnet_pa,3,3,animacy,9,inanimate_001_left_pair.png,animate_006_left_pair.png,192
1968,resnet_pa,3,3,animacy,9,inanimate_003_left.png,animate_006_left.png,196
1969,resnet_pa,3,3,animacy,9,inanimate_001_right_pair.png,animate_002_right_pair.png,198
1970,resnet_pa,3,3,animacy,9,inanimate_009_right_pair.png,animate_005_right_pair.png,203
1971,resnet_pa,3,3,animacy,9,animate_004_left_pair.png,inanimate_012_left_pair.png,216
1972,resnet_pa,3,3,animacy,9,inanimate_003_right_pair.png,animate_011_right_pair.png,218
1973,resnet_pa,3,3,animacy,9,inanimate_006_right.png,animate_002_right.png,220
1974,resnet_pa,3,3,animacy,9,inanimate_005_left.png,animate_004_left.png,221
1975,resnet_pa,3,3,animacy,9,inanimate_002_right_pair.png,animate_002_right_pair.png,227
1976,resnet_pa,3,3,animacy,9,animate_006_right_pair.png,inanimate_009_right_pair.png,231
1977,resnet_pa,3,3,animacy,9,animate_006_right_pair.png,inanimate_008_right_pair.png,233
1978,resnet_pa,3,3,animacy,9,animate_012_left_pair.png,inanimate_009_left_pair.png,235
1979,resnet_pa,3,3,animacy,9,animate_009_right_pair.png,inanimate_010_right_pair.png,236
1980,resnet_pa,3,3,animacy,9,animate_003_right.png,inanimate_004_right.png,239
1981,resnet_pa,3,3,animacy,9,animate_011_left.png,inanimate_008_left.png,240
1982,resnet_pa,3,3,animacy,9,inanimate_012_left.png,animate_009_left.png,244
1983,resnet_pa,3,3,animacy,9,animate_011_left_pair.png,inanimate_010_left_pair.png,250
1984,resnet_pa,3,3,animacy,9,animate_010_left_pair.png,inanimate_008_left_pair.png,256
1985,resnet_pa,3,3,animacy,9,inanimate_005_right.png,animate_009_right.png,260
1986,resnet_pa,3,3,animacy,9,inanimate_012_left_pair.png,animate_010_left_pair.png,261
1987,resnet_pa,3,3,animacy,9,inanimate_009_right.png,animate_003_right.png,262
1988,resnet_pa,3,3,animacy,9,animate_012_left.png,inanimate_005_left.png,263
1989,resnet_pa,3,3,animacy,9,animate_005_left_pair.png,inanimate_012_left_pair.png,265
1990,resnet_pa,3,3,animacy,9,animate_003_left.png,inanimate_006_left.png,266
1991,resnet_pa,3,3,animacy,9,animate_007_right_pair.png,inanimate_002_right_pair.png,267
1992,resnet_pa,3,3,animacy,9,animate_002_left.png,inanimate_005_left.png,274
1993,resnet_pa,3,3,animacy,9,animate_003_left.png,inanimate_003_left.png,277
1994,resnet_pa,3,3,animacy,9,animate_009_right_pair.png,inanimate_002_right_pair.png,280
1995,resnet_pa,3,3,animacy,9,inanimate_004_left.png,animate_003_left.png,284
1996,resnet_pa,3,3,animacy,9,animate_004_left_pair.png,inanimate_007_left_pair.png,286
1997,resnet_pa,3,3,animacy,9,inanimate_007_right.png,animate_011_right.png,299
1998,resnet_pa,3,3,animacy,9,inanimate_009_left_pair.png,animate_004_left_pair.png,300
1999,resnet_pa,3,3,animacy,9,inanimate_008_right_pair.png,animate_006_right_pair.png,304
2000,resnet_pa,3,3,animacy,9,animate_007_left_pair.png,inanimate_010_left_pair.png,305
2001,resnet_pa,3,3,animacy,9,animate_003_right.png,inanimate_012_right.png,306
2002,resnet_pa,3,3,animacy,9,inanimate_011_left.png,animate_002_left.png,312
2003,resnet_pa,3,3,animacy,9,animate_006_right.png,inanimate_002_right.png,314
2004,resnet_pa,3,3,animacy,9,inanimate_009_right_pair.png,animate_010_right_pair.png,315
2005,resnet_pa,3,3,animacy,9,inanimate_008_right_pair.png,animate_001_right_pair.png,317
2006,resnet_pa,3,3,animacy,9,animate_006_left.png,inanimate_004_left.png,323
2007,resnet_pa,3,3,animacy,9,inanimate_009_right.png,animate_001_right.png,326
2008,resnet_pa,3,3,animacy,9,animate_003_right.png,inanimate_001_right.png,336
2009,resnet_pa,3,3,animacy,9,inanimate_009_right_pair.png,animate_009_right_pair.png,338
2010,resnet_pa,3,3,animacy,9,inanimate_011_right.png,animate_005_right.png,342
2011,resnet_pa,3,3,animacy,9,inanimate_007_left.png,animate_009_left.png,345
2012,resnet_pa,3,3,animacy,9,inanimate_002_right.png,animate_005_right.png,349
2013,resnet_pa,3,3,animacy,9,inanimate_008_right_pair.png,animate_012_right_pair.png,351
2014,resnet_pa,3,3,animacy,9,inanimate_011_right.png,animate_003_right.png,354
2015,resnet_pa,3,3,animacy,9,inanimate_005_left_pair.png,animate_007_left_pair.png,355
2016,resnet_pa,3,3,animacy,9,inanimate_003_right_pair.png,animate_006_right_pair.png,357
2017,resnet_pa,3,3,animacy,9,animate_012_right.png,inanimate_008_right.png,358
2018,resnet_pa,3,3,animacy,9,inanimate_008_left.png,animate_010_left.png,364
2019,resnet_pa,3,3,animacy,9,inanimate_001_left.png,animate_005_left.png,365
2020,resnet_pa,3,3,animacy,9,inanimate_007_left_pair.png,animate_002_left_pair.png,366
2021,resnet_pa,3,3,animacy,9,inanimate_001_left.png,animate_010_left.png,369
2022,resnet_pa,3,3,animacy,9,inanimate_012_left_pair.png,animate_002_left_pair.png,372
2023,resnet_pa,3,3,animacy,9,inanimate_002_right_pair.png,animate_008_right_pair.png,373
2024,resnet_pa,3,3,animacy,9,animate_005_left_pair.png,inanimate_006_left_pair.png,375
2025,resnet_pa,3,3,animacy,9,inanimate_003_right_pair.png,animate_008_right_pair.png,377
2026,resnet_pa,3,3,animacy,9,animate_012_right.png,inanimate_011_right.png,382
2027,resnet_pa,3,3,animacy,9,inanimate_005_left_pair.png,animate_009_left_pair.png,385
2028,resnet_pa,3,3,animacy,9,animate_010_right.png,inanimate_003_right.png,387
2029,resnet_pa,3,3,animacy,9,inanimate_001_left.png,animate_006_left.png,389
2030,resnet_pa,3,3,animacy,9,animate_008_left.png,inanimate_007_left.png,395
2031,resnet_pa,3,3,animacy,9,animate_001_right.png,inanimate_007_right.png,396
2032,resnet_pa,3,3,animacy,9,animate_004_right.png,inanimate_002_right.png,401
2033,resnet_pa,3,3,animacy,9,animate_008_right.png,inanimate_011_right.png,402
2034,resnet_pa,3,3,animacy,9,inanimate_008_right_pair.png,animate_007_right_pair.png,404
2035,resnet_pa,3,3,animacy,9,inanimate_008_left_pair.png,animate_003_left_pair.png,410
2036,resnet_pa,3,3,animacy,9,animate_004_right_pair.png,inanimate_012_right_pair.png,411
2037,resnet_pa,3,3,animacy,9,animate_004_left.png,inanimate_001_left.png,412
2038,resnet_pa,3,3,animacy,9,inanimate_007_left.png,animate_011_left.png,415
2039,resnet_pa,3,3,animacy,9,animate_006_left.png,inanimate_007_left.png,416
2040,resnet_pa,3,3,animacy,9,animate_002_right_pair.png,inanimate_011_right_pair.png,419
2041,resnet_pa,3,3,animacy,9,inanimate_001_right_pair.png,animate_001_right_pair.png,421
2042,resnet_pa,3,3,animacy,9,inanimate_002_left_pair.png,animate_006_left_pair.png,424
2043,resnet_pa,3,3,animacy,9,animate_006_right_pair.png,inanimate_011_right_pair.png,425
2044,resnet_pa,3,3,animacy,9,animate_004_left.png,inanimate_006_left.png,429
2045,resnet_pa,3,3,animacy,9,inanimate_001_right_pair.png,animate_005_right_pair.png,430
2046,resnet_pa,3,3,animacy,9,animate_010_right.png,inanimate_012_right.png,431
2047,resnet_pa,3,3,animacy,9,inanimate_007_left_pair.png,animate_009_left_pair.png,433
2048,resnet_pa,3,3,animacy,9,inanimate_011_left_pair.png,animate_001_left_pair.png,435
2049,resnet_pa,3,3,animacy,9,inanimate_002_right.png,animate_010_right.png,437
2050,resnet_pa,3,3,animacy,9,animate_008_left_pair.png,inanimate_006_left_pair.png,438
2051,resnet_pa,3,3,animacy,9,inanimate_001_left_pair.png,animate_007_left_pair.png,440
2052,resnet_pa,3,3,animacy,9,inanimate_002_right.png,animate_001_right.png,447
2053,resnet_pa,3,3,animacy,9,animate_007_left_pair.png,inanimate_003_left_pair.png,450
2054,resnet_pa,3,3,animacy,9,inanimate_008_left.png,animate_007_left.png,451
2055,resnet_pa,3,3,animacy,9,animate_008_left.png,inanimate_001_left.png,455
2056,resnet_pa,3,3,animacy,9,animate_002_left_pair.png,inanimate_011_left_pair.png,462
2057,resnet_pa,3,3,animacy,9,inanimate_011_right_pair.png,animate_005_right_pair.png,463
2058,resnet_pa,3,3,animacy,9,inanimate_005_right_pair.png,animate_011_right_pair.png,464
2059,resnet_pa,3,3,animacy,9,inanimate_001_right.png,animate_005_right.png,466
2060,resnet_pa,3,3,animacy,9,animate_010_left.png,inanimate_005_left.png,473
2061,resnet_pa,3,3,animacy,9,inanimate_009_right.png,animate_009_right.png,475
2062,resnet_pa,3,3,animacy,9,animate_004_left_pair.png,inanimate_009_left_pair.png,479
2063,resnet_pa,3,3,animacy,9,inanimate_005_left.png,animate_006_left.png,480
2064,resnet_pa,3,3,animacy,9,animate_002_right.png,inanimate_012_right.png,483
2065,resnet_pa,3,3,animacy,9,animate_011_right_pair.png,inanimate_002_right_pair.png,484
2066,resnet_pa,3,3,animacy,9,animate_001_right_pair.png,inanimate_008_right_pair.png,487
2067,resnet_pa,3,3,animacy,9,animate_011_right_pair.png,inanimate_012_right_pair.png,491
2068,resnet_pa,3,3,animacy,9,inanimate_010_right.png,animate_004_right.png,493
2069,resnet_pa,3,3,animacy,9,animate_011_left_pair.png,inanimate_011_left_pair.png,499
2070,resnet_pa,3,3,animacy,9,animate_010_left.png,inanimate_012_left.png,500
2071,resnet_pa,3,3,animacy,9,inanimate_003_right.png,animate_008_right.png,501
2072,resnet_pa,3,3,animacy,9,inanimate_005_right_pair.png,animate_002_right_pair.png,502
2073,resnet_pa,3,3,animacy,9,inanimate_004_left.png,animate_005_left.png,503
2074,resnet_pa,3,3,animacy,9,inanimate_012_left_pair.png,animate_012_left_pair.png,504
2075,resnet_pa,3,3,animacy,9,inanimate_007_left_pair.png,animate_005_left_pair.png,505
2076,resnet_pa,3,3,animacy,9,inanimate_007_right_pair.png,animate_008_right_pair.png,506
2077,resnet_pa,3,3,animacy,9,animate_008_right.png,inanimate_001_right.png,509
2078,resnet_pa,3,3,animacy,9,animate_007_right.png,inanimate_004_right.png,510
2079,resnet_pa,3,3,animacy,9,inanimate_003_left_pair.png,animate_008_left_pair.png,513
2080,resnet_pa,3,3,animacy,9,inanimate_008_right.png,animate_005_right.png,514
2081,resnet_pa,3,3,animacy,9,inanimate_011_right_pair.png,animate_002_right_pair.png,516
2082,resnet_pa,3,3,animacy,9,inanimate_012_right_pair.png,animate_001_right_pair.png,517
2083,resnet_pa,3,3,animacy,9,animate_003_left.png,inanimate_012_left.png,519
2084,resnet_pa,3,3,animacy,9,inanimate_006_right_pair.png,animate_011_right_pair.png,522
2085,resnet_pa,3,3,animacy,9,animate_007_right.png,inanimate_002_right.png,527
2086,resnet_pa,3,3,animacy,9,animate_001_right_pair.png,inanimate_009_right_pair.png,530
2087,resnet_pa,3,3,animacy,9,inanimate_003_right.png,animate_011_right.png,538
2088,resnet_pa,3,3,animacy,9,animate_009_right.png,inanimate_004_right.png,540
2089,resnet_pa,3,3,animacy,9,inanimate_004_right_pair.png,animate_011_right_pair.png,542
2090,resnet_pa,3,3,animacy,9,animate_003_left.png,inanimate_002_left.png,543
2091,resnet_pa,3,3,animacy,9,animate_009_left_pair.png,inanimate_001_left_pair.png,546
2092,resnet_pa,3,3,animacy,9,animate_010_right.png,inanimate_006_right.png,548
2093,resnet_pa,3,3,animacy,9,animate_008_right_pair.png,inanimate_008_right_pair.png,552
2094,resnet_pa,3,3,animacy,9,inanimate_010_right_pair.png,animate_007_right_pair.png,558
2095,resnet_pa,3,3,animacy,9,inanimate_004_left_pair.png,animate_007_left_pair.png,559
2096,resnet_pa,3,3,animacy,9,inanimate_008_left.png,animate_009_left.png,560
2097,resnet_pa,3,3,animacy,9,inanimate_008_left.png,animate_006_left.png,563
2098,resnet_pa,3,3,animacy,9,animate_005_left_pair.png,inanimate_008_left_pair.png,567
2099,resnet_pa,3,3,animacy,9,animate_005_right.png,inanimate_005_right.png,568
2100,resnet_pa,3,3,animacy,9,inanimate_004_right.png,animate_008_right.png,569
2101,resnet_pa,3,3,animacy,9,inanimate_004_right_pair.png,animate_009_right_pair.png,571
2102,resnet_pa,3,3,animacy,9,animate_007_right_pair.png,inanimate_001_right_pair.png,572
2103,resnet_pa,3,3,animacy,9,animate_008_left.png,inanimate_011_left.png,578
2104,resnet_pa,3,3,animacy,9,animate_012_left_pair.png,inanimate_007_left_pair.png,579
2105,resnet_pa,3,3,animacy,9,inanimate_002_right.png,animate_003_right.png,583
2106,resnet_pa,3,3,animacy,9,inanimate_011_right.png,animate_002_right.png,585
2107,resnet_pa,3,3,animacy,9,animate_007_left_pair.png,inanimate_008_left_pair.png,586
2108,resnet_pa,3,3,animacy,9,animate_007_left.png,inanimate_008_left.png,589
2109,resnet_pa,3,3,animacy,9,animate_002_left.png,inanimate_012_left.png,590
2110,resnet_pa,3,3,animacy,9,inanimate_011_right_pair.png,animate_001_right_pair.png,592
2111,resnet_pa,3,3,animacy,9,animate_011_left.png,inanimate_010_left.png,594
2112,resnet_pa,3,3,animacy,9,inanimate_010_right.png,animate_007_right.png,595
2113,resnet_pa,3,3,animacy,9,animate_011_left.png,inanimate_007_left.png,599
2114,resnet_pa,3,3,animacy,9,animate_003_right.png,inanimate_005_right.png,600
2115,resnet_pa,3,3,animacy,9,inanimate_004_left_pair.png,animate_012_left_pair.png,604
2116,resnet_pa,3,3,animacy,9,animate_005_left.png,inanimate_007_left.png,605
2117,resnet_pa,3,3,animacy,9,animate_001_left.png,inanimate_006_left.png,609
2118,resnet_pa,3,3,animacy,9,inanimate_010_right.png,animate_010_right.png,611
2119,resnet_pa,3,3,animacy,9,animate_006_left_pair.png,inanimate_006_left_pair.png,613
2120,resnet_pa,3,3,animacy,9,animate_012_left_pair.png,inanimate_005_left_pair.png,614
2121,resnet_pa,3,3,animacy,9,inanimate_011_left_pair.png,animate_005_left_pair.png,615
2122,resnet_pa,3,3,animacy,9,inanimate_012_right.png,animate_003_right.png,619
2123,resnet_pa,3,3,animacy,9,inanimate_011_right.png,animate_010_right.png,620
2124,resnet_pa,3,3,animacy,9,animate_010_right.png,inanimate_004_right.png,621
2125,resnet_pa,3,3,animacy,9,animate_007_right.png,inanimate_008_right.png,625
2126,resnet_pa,3,3,animacy,9,animate_010_left.png,inanimate_011_left.png,626
2127,resnet_pa,3,3,animacy,9,animate_009_left_pair.png,inanimate_002_left_pair.png,627
2128,resnet_pa,3,3,animacy,9,inanimate_009_right_pair.png,animate_002_right_pair.png,629
2129,resnet_pa,3,3,animacy,9,inanimate_003_left.png,animate_009_left.png,634
2130,resnet_pa,3,3,animacy,9,inanimate_008_left_pair.png,animate_008_left_pair.png,636
2131,resnet_pa,3,3,animacy,9,inanimate_003_right_pair.png,animate_009_right_pair.png,639
2132,resnet_pa,3,3,animacy,9,animate_004_right.png,inanimate_010_right.png,643
2133,resnet_pa,3,3,animacy,9,animate_012_left_pair.png,inanimate_004_left_pair.png,644
2134,resnet_pa,3,3,animacy,9,inanimate_008_left_pair.png,animate_005_left_pair.png,646
2135,resnet_pa,3,3,animacy,9,inanimate_011_right.png,animate_008_right.png,647
2136,resnet_pa,3,3,animacy,9,inanimate_002_right_pair.png,animate_001_right_pair.png,649
2137,resnet_pa,3,3,animacy,9,animate_003_right_pair.png,inanimate_008_right_pair.png,650
2138,resnet_pa,3,3,animacy,9,animate_006_left_pair.png,inanimate_011_left_pair.png,655
2139,resnet_pa,3,3,animacy,9,animate_002_right_pair.png,inanimate_003_right_pair.png,660
2140,resnet_pa,3,3,animacy,9,animate_001_left_pair.png,inanimate_011_left_pair.png,661
2141,resnet_pa,3,3,animacy,9,inanimate_012_left.png,animate_004_left.png,664
2142,resnet_pa,3,3,animacy,9,inanimate_004_left.png,animate_008_left.png,666
2143,resnet_pa,3,3,animacy,9,animate_010_right.png,inanimate_007_right.png,667
2144,resnet_pa,3,3,animacy,9,animate_002_right_pair.png,inanimate_001_right_pair.png,668
2145,resnet_pa,3,3,animacy,9,animate_002_right_pair.png,inanimate_007_right_pair.png,669
2146,resnet_pa,3,3,animacy,9,animate_005_right.png,inanimate_011_right.png,670
2147,resnet_pa,3,3,animacy,9,animate_012_right.png,inanimate_005_right.png,673
2148,resnet_pa,3,3,animacy,9,inanimate_010_right.png,animate_006_right.png,674
2149,resnet_pa,3,3,animacy,9,inanimate_012_right.png,animate_009_right.png,675
2150,resnet_pa,3,3,animacy,9,animate_004_left.png,inanimate_012_left.png,676
2151,resnet_pa,3,3,animacy,9,animate_010_left_pair.png,inanimate_009_left_pair.png,680
2152,resnet_pa,3,3,animacy,9,animate_007_right.png,inanimate_005_right.png,681
2153,resnet_pa,3,3,animacy,9,inanimate_002_left.png,animate_012_left.png,682
2154,resnet_pa,3,3,animacy,9,animate_012_right_pair.png,inanimate_004_right_pair.png,683
2155,resnet_pa,3,3,animacy,9,animate_001_right.png,inanimate_010_right.png,684
2156,resnet_pa,3,3,animacy,9,inanimate_012_right.png,animate_010_right.png,686
2157,resnet_pa,3,3,animacy,9,animate_012_right_pair.png,inanimate_005_right_pair.png,688
2158,resnet_pa,3,3,animacy,9,animate_011_left.png,inanimate_006_left.png,689
2159,resnet_pa,3,3,animacy,9,animate_005_right_pair.png,inanimate_008_right_pair.png,693
2160,resnet_pa,3,3,animacy,9,animate_006_left.png,inanimate_002_left.png,694
2161,resnet_pa,3,3,animacy,9,animate_006_right_pair.png,inanimate_010_right_pair.png,699
2162,resnet_pa,3,3,animacy,9,animate_007_left_pair.png,inanimate_011_left_pair.png,702
2163,resnet_pa,3,3,animacy,9,animate_008_left_pair.png,inanimate_002_left_pair.png,703
2164,resnet_pa,3,3,animacy,9,inanimate_008_left_pair.png,animate_001_left_pair.png,705
2165,resnet_pa,3,3,animacy,9,inanimate_002_left_pair.png,animate_012_left_pair.png,708
2166,resnet_pa,3,3,animacy,9,animate_010_right.png,inanimate_008_right.png,712
2167,resnet_pa,3,3,animacy,9,inanimate_008_right.png,animate_006_right.png,714
2168,resnet_pa,3,3,animacy,9,animate_004_left_pair.png,inanimate_010_left_pair.png,717
2169,resnet_pa,3,3,animacy,9,inanimate_006_right_pair.png,animate_008_right_pair.png,725
2170,resnet_pa,3,3,animacy,9,inanimate_002_left_pair.png,animate_007_left_pair.png,728
2171,resnet_pa,3,3,animacy,9,inanimate_001_left_pair.png,animate_001_left_pair.png,729
2172,resnet_pa,3,3,animacy,9,inanimate_012_right.png,animate_004_right.png,730
2173,resnet_pa,3,3,animacy,9,inanimate_007_left.png,animate_007_left.png,731
2174,resnet_pa,3,3,animacy,9,animate_002_left.png,inanimate_006_left.png,732
2175,resnet_pa,3,3,animacy,9,inanimate_003_left.png,animate_011_left.png,735
2176,resnet_pa,3,3,animacy,9,animate_010_right.png,inanimate_009_right.png,737
2177,resnet_pa,3,3,animacy,9,inanimate_001_left.png,animate_012_left.png,739
2178,resnet_pa,3,3,animacy,9,inanimate_004_left_pair.png,animate_001_left_pair.png,740
2179,resnet_pa,3,3,animacy,9,animate_011_right.png,inanimate_005_right.png,741
2180,resnet_pa,3,3,animacy,9,inanimate_010_left.png,animate_001_left.png,744
2181,resnet_pa,3,3,animacy,9,inanimate_006_right_pair.png,animate_007_right_pair.png,745
2182,resnet_pa,3,3,animacy,9,animate_002_right_pair.png,inanimate_010_right_pair.png,747
2183,resnet_pa,3,3,animacy,9,animate_011_left_pair.png,inanimate_012_left_pair.png,749
2184,resnet_pa,3,3,animacy,9,inanimate_001_right_pair.png,animate_012_right_pair.png,750
2185,resnet_pa,3,3,animacy,9,animate_001_left_pair.png,inanimate_004_left_pair.png,751
2186,resnet_pa,3,3,animacy,9,inanimate_003_left_pair.png,animate_002_left_pair.png,752
2187,resnet_pa,3,3,animacy,9,inanimate_003_right_pair.png,animate_010_right_pair.png,753
2188,resnet_pa,3,3,animacy,9,animate_003_right.png,inanimate_010_right.png,754
2189,resnet_pa,3,3,animacy,9,inanimate_007_left_pair.png,animate_004_left_pair.png,763
2190,resnet_pa,3,3,animacy,9,animate_012_right_pair.png,inanimate_012_right_pair.png,764
2191,resnet_pa,3,3,animacy,9,animate_008_left_pair.png,inanimate_005_left_pair.png,771
2192,resnet_pa,3,3,animacy,9,inanimate_004_right_pair.png,animate_008_right_pair.png,773
2193,resnet_pa,3,3,animacy,9,animate_004_right.png,inanimate_012_right.png,775
2194,resnet_pa,3,3,animacy,9,inanimate_010_right.png,animate_008_right.png,777
2195,resnet_pa,3,3,animacy,9,animate_006_right.png,inanimate_005_right.png,781
2196,resnet_pa,3,3,animacy,9,inanimate_011_left.png,animate_004_left.png,782
2197,resnet_pa,3,3,animacy,9,animate_012_right.png,inanimate_009_right.png,783
2198,resnet_pa,3,3,animacy,9,animate_008_right_pair.png,inanimate_003_right_pair.png,784
2199,resnet_pa,3,3,animacy,9,animate_004_right_pair.png,inanimate_006_right_pair.png,785
2200,resnet_pa,3,3,animacy,9,animate_005_left.png,inanimate_008_left.png,789
2201,resnet_pa,3,3,animacy,9,inanimate_009_right_pair.png,animate_012_right_pair.png,790
2202,resnet_pa,3,3,animacy,9,animate_012_right.png,inanimate_006_right.png,793
2203,resnet_pa,3,3,animacy,9,inanimate_010_right.png,animate_009_right.png,795
2204,resnet_pa,3,3,animacy,9,animate_009_left_pair.png,inanimate_005_left_pair.png,798
2205,resnet_pa,3,3,animacy,9,animate_008_left.png,inanimate_002_left.png,799
2206,resnet_pa,3,3,animacy,9,animate_005_left.png,inanimate_004_left.png,800
2207,resnet_pa,3,3,animacy,9,inanimate_005_left_pair.png,animate_006_left_pair.png,801
2208,resnet_pa,3,3,animacy,9,animate_011_right.png,inanimate_003_right.png,802
2209,resnet_pa,3,3,animacy,9,inanimate_007_right.png,animate_007_right.png,803
2210,resnet_pa,3,3,animacy,9,animate_002_right_pair.png,inanimate_008_right_pair.png,807
2211,resnet_pa,3,3,animacy,9,animate_012_left.png,inanimate_002_left.png,811
2212,resnet_pa,3,3,animacy,9,animate_009_left_pair.png,inanimate_010_left_pair.png,812
2213,resnet_pa,3,3,animacy,9,inanimate_011_right_pair.png,animate_011_right_pair.png,815
2214,resnet_pa,3,3,animacy,9,inanimate_004_right.png,animate_012_right.png,816
2215,resnet_pa,3,3,animacy,9,animate_002_left_pair.png,inanimate_003_left_pair.png,817
2216,resnet_pa,3,3,animacy,9,inanimate_009_left.png,animate_001_left.png,819
2217,resnet_pa,3,3,animacy,9,animate_009_left.png,inanimate_001_left.png,820
2218,resnet_pa,3,3,animacy,9,inanimate_012_left.png,animate_011_left.png,821
2219,resnet_pa,3,3,animacy,9,animate_009_right.png,inanimate_002_right.png,826
2220,resnet_pa,3,3,animacy,9,animate_004_right.png,inanimate_009_right.png,827
2221,resnet_pa,3,3,animacy,9,animate_003_left_pair.png,inanimate_011_left_pair.png,832
2222,resnet_pa,3,3,animacy,9,inanimate_001_right.png,animate_002_right.png,833
2223,resnet_pa,3,3,animacy,9,animate_010_right_pair.png,inanimate_008_right_pair.png,835
2224,resnet_pa,3,3,animacy,9,inanimate_005_right.png,animate_011_right.png,836
2225,resnet_pa,3,3,animacy,9,animate_006_left.png,inanimate_010_left.png,837
2226,resnet_pa,3,3,animacy,9,animate_005_left_pair.png,inanimate_002_left_pair.png,838
2227,resnet_pa,3,3,animacy,9,animate_006_right_pair.png,inanimate_001_right_pair.png,839
2228,resnet_pa,3,3,animacy,9,inanimate_005_left_pair.png,animate_011_left_pair.png,840
2229,resnet_pa,3,3,animacy,9,animate_009_right.png,inanimate_001_right.png,844
2230,resnet_pa,3,5,animacy,14,inanimate_008_right.png,animate_012_right.png,5
2231,resnet_pa,3,5,animacy,14,inanimate_010_left_pair.png,animate_010_left_pair.png,11
2232,resnet_pa,3,5,animacy,14,inanimate_004_left_pair.png,animate_002_left_pair.png,13
2233,resnet_pa,3,5,animacy,14,animate_005_right_pair.png,inanimate_005_right_pair.png,22
2234,resnet_pa,3,5,animacy,14,inanimate_010_left.png,animate_005_left.png,31
2235,resnet_pa,3,5,animacy,14,inanimate_008_right.png,animate_002_right.png,32
2236,resnet_pa,3,5,animacy,14,inanimate_001_right.png,animate_011_right.png,49
2237,resnet_pa,3,5,animacy,14,inanimate_011_left_pair.png,animate_010_left_pair.png,50
2238,resnet_pa,3,5,animacy,14,inanimate_009_right.png,animate_007_right.png,52
2239,resnet_pa,3,5,animacy,14,animate_007_left_pair.png,inanimate_004_left_pair.png,59
2240,resnet_pa,3,5,animacy,14,animate_001_left.png,inanimate_004_left.png,66
2241,resnet_pa,3,5,animacy,14,animate_005_left_pair.png,inanimate_007_left_pair.png,68
2242,resnet_pa,3,5,animacy,14,animate_004_left_pair.png,inanimate_005_left_pair.png,72
2243,resnet_pa,3,5,animacy,14,inanimate_008_right_pair.png,animate_004_right_pair.png,84
2244,resnet_pa,3,5,animacy,14,animate_005_right.png,inanimate_006_right.png,89
2245,resnet_pa,3,5,animacy,14,animate_005_left_pair.png,inanimate_011_left_pair.png,101
2246,resnet_pa,3,5,animacy,14,animate_003_right_pair.png,inanimate_005_right_pair.png,106
2247,resnet_pa,3,5,animacy,14,animate_009_left_pair.png,inanimate_009_left_pair.png,109
2248,resnet_pa,3,5,animacy,14,animate_007_left.png,inanimate_009_left.png,110
2249,resnet_pa,3,5,animacy,14,animate_005_right_pair.png,inanimate_003_right_pair.png,120
2250,resnet_pa,3,5,animacy,14,inanimate_009_left.png,animate_009_left.png,123
2251,resnet_pa,3,5,animacy,14,inanimate_008_left.png,animate_003_left.png,124
2252,resnet_pa,3,5,animacy,14,animate_009_left.png,inanimate_012_left.png,125
2253,resnet_pa,3,5,animacy,14,animate_010_left.png,inanimate_003_left.png,128
2254,resnet_pa,3,5,animacy,14,inanimate_008_right_pair.png,animate_008_right_pair.png,139
2255,resnet_pa,3,5,animacy,14,inanimate_012_left_pair.png,animate_007_left_pair.png,142
2256,resnet_pa,3,5,animacy,14,animate_012_left.png,inanimate_008_left.png,147
2257,resnet_pa,3,5,animacy,14,inanimate_003_left.png,animate_001_left.png,154
2258,resnet_pa,3,5,animacy,14,inanimate_010_left.png,animate_008_left.png,156
2259,resnet_pa,3,5,animacy,14,inanimate_010_right_pair.png,animate_009_right_pair.png,158
2260,resnet_pa,3,5,animacy,14,animate_001_right.png,inanimate_006_right.png,161
2261,resnet_pa,3,5,animacy,14,animate_004_left.png,inanimate_004_left.png,162
2262,resnet_pa,3,5,animacy,14,inanimate_005_left_pair.png,animate_003_left_pair.png,170
2263,resnet_pa,3,5,animacy,14,inanimate_006_right_pair.png,animate_002_right_pair.png,171
2264,resnet_pa,3,5,animacy,14,inanimate_007_left_pair.png,animate_003_left_pair.png,173
2265,resnet_pa,3,5,animacy,14,inanimate_009_left.png,animate_004_left.png,176
2266,resnet_pa,3,5,animacy,14,inanimate_003_right.png,animate_005_right.png,178
2267,resnet_pa,3,5,animacy,14,animate_011_right_pair.png,inanimate_008_right_pair.png,179
2268,resnet_pa,3,5,animacy,14,animate_004_right_pair.png,inanimate_011_right_pair.png,180
2269,resnet_pa,3,5,animacy,14,inanimate_011_left_pair.png,animate_003_left_pair.png,184
2270,resnet_pa,3,5,animacy,14,animate_005_right_pair.png,inanimate_004_right_pair.png,188
2271,resnet_pa,3,5,animacy,14,animate_003_left_pair.png,inanimate_010_left_pair.png,191
2272,resnet_pa,3,5,animacy,14,inanimate_001_left_pair.png,animate_006_left_pair.png,192
2273,resnet_pa,3,5,animacy,14,inanimate_003_left.png,animate_006_left.png,196
2274,resnet_pa,3,5,animacy,14,inanimate_001_right_pair.png,animate_002_right_pair.png,198
2275,resnet_pa,3,5,animacy,14,inanimate_009_right_pair.png,animate_005_right_pair.png,203
2276,resnet_pa,3,5,animacy,14,animate_004_left_pair.png,inanimate_012_left_pair.png,216
2277,resnet_pa,3,5,animacy,14,inanimate_003_right_pair.png,animate_011_right_pair.png,218
2278,resnet_pa,3,5,animacy,14,inanimate_006_right.png,animate_002_right.png,220
2279,resnet_pa,3,5,animacy,14,inanimate_005_left.png,animate_004_left.png,221
2280,resnet_pa,3,5,animacy,14,inanimate_002_right_pair.png,animate_002_right_pair.png,227
2281,resnet_pa,3,5,animacy,14,animate_006_right_pair.png,inanimate_009_right_pair.png,231
2282,resnet_pa,3,5,animacy,14,animate_006_right_pair.png,inanimate_008_right_pair.png,233
2283,resnet_pa,3,5,animacy,14,animate_012_left_pair.png,inanimate_009_left_pair.png,235
2284,resnet_pa,3,5,animacy,14,animate_009_right_pair.png,inanimate_010_right_pair.png,236
2285,resnet_pa,3,5,animacy,14,animate_003_right.png,inanimate_004_right.png,239
2286,resnet_pa,3,5,animacy,14,animate_011_left.png,inanimate_008_left.png,240
2287,resnet_pa,3,5,animacy,14,inanimate_012_left.png,animate_009_left.png,244
2288,resnet_pa,3,5,animacy,14,animate_011_left_pair.png,inanimate_010_left_pair.png,250
2289,resnet_pa,3,5,animacy,14,animate_010_left_pair.png,inanimate_008_left_pair.png,256
2290,resnet_pa,3,5,animacy,14,inanimate_005_right.png,animate_009_right.png,260
2291,resnet_pa,3,5,animacy,14,inanimate_012_left_pair.png,animate_010_left_pair.png,261
2292,resnet_pa,3,5,animacy,14,inanimate_009_right.png,animate_003_right.png,262
2293,resnet_pa,3,5,animacy,14,animate_012_left.png,inanimate_005_left.png,263
2294,resnet_pa,3,5,animacy,14,animate_005_left_pair.png,inanimate_012_left_pair.png,265
2295,resnet_pa,3,5,animacy,14,animate_003_left.png,inanimate_006_left.png,266
2296,resnet_pa,3,5,animacy,14,animate_007_right_pair.png,inanimate_002_right_pair.png,267
2297,resnet_pa,3,5,animacy,14,animate_002_left.png,inanimate_005_left.png,274
2298,resnet_pa,3,5,animacy,14,animate_003_left.png,inanimate_003_left.png,277
2299,resnet_pa,3,5,animacy,14,animate_009_right_pair.png,inanimate_002_right_pair.png,280
2300,resnet_pa,3,5,animacy,14,inanimate_004_left.png,animate_003_left.png,284
2301,resnet_pa,3,5,animacy,14,animate_004_left_pair.png,inanimate_007_left_pair.png,286
2302,resnet_pa,3,5,animacy,14,inanimate_007_right.png,animate_011_right.png,299
2303,resnet_pa,3,5,animacy,14,inanimate_009_left_pair.png,animate_004_left_pair.png,300
2304,resnet_pa,3,5,animacy,14,inanimate_008_right_pair.png,animate_006_right_pair.png,304
2305,resnet_pa,3,5,animacy,14,animate_007_left_pair.png,inanimate_010_left_pair.png,305
2306,resnet_pa,3,5,animacy,14,animate_003_right.png,inanimate_012_right.png,306
2307,resnet_pa,3,5,animacy,14,inanimate_011_left.png,animate_002_left.png,312
2308,resnet_pa,3,5,animacy,14,animate_006_right.png,inanimate_002_right.png,314
2309,resnet_pa,3,5,animacy,14,inanimate_009_right_pair.png,animate_010_right_pair.png,315
2310,resnet_pa,3,5,animacy,14,inanimate_008_right_pair.png,animate_001_right_pair.png,317
2311,resnet_pa,3,5,animacy,14,animate_006_left.png,inanimate_004_left.png,323
2312,resnet_pa,3,5,animacy,14,inanimate_009_right.png,animate_001_right.png,326
2313,resnet_pa,3,5,animacy,14,animate_003_right.png,inanimate_001_right.png,336
2314,resnet_pa,3,5,animacy,14,inanimate_009_right_pair.png,animate_009_right_pair.png,338
2315,resnet_pa,3,5,animacy,14,inanimate_011_right.png,animate_005_right.png,342
2316,resnet_pa,3,5,animacy,14,inanimate_007_left.png,animate_009_left.png,345
2317,resnet_pa,3,5,animacy,14,inanimate_002_right.png,animate_005_right.png,349
2318,resnet_pa,3,5,animacy,14,inanimate_008_right_pair.png,animate_012_right_pair.png,351
2319,resnet_pa,3,5,animacy,14,inanimate_011_right.png,animate_003_right.png,354
2320,resnet_pa,3,5,animacy,14,inanimate_005_left_pair.png,animate_007_left_pair.png,355
2321,resnet_pa,3,5,animacy,14,inanimate_003_right_pair.png,animate_006_right_pair.png,357
2322,resnet_pa,3,5,animacy,14,animate_012_right.png,inanimate_008_right.png,358
2323,resnet_pa,3,5,animacy,14,inanimate_008_left.png,animate_010_left.png,364
2324,resnet_pa,3,5,animacy,14,inanimate_001_left.png,animate_005_left.png,365
2325,resnet_pa,3,5,animacy,14,inanimate_007_left_pair.png,animate_002_left_pair.png,366
2326,resnet_pa,3,5,animacy,14,inanimate_001_left.png,animate_010_left.png,369
2327,resnet_pa,3,5,animacy,14,inanimate_012_left_pair.png,animate_002_left_pair.png,372
2328,resnet_pa,3,5,animacy,14,inanimate_002_right_pair.png,animate_008_right_pair.png,373
2329,resnet_pa,3,5,animacy,14,animate_005_left_pair.png,inanimate_006_left_pair.png,375
2330,resnet_pa,3,5,animacy,14,inanimate_003_right_pair.png,animate_008_right_pair.png,377
2331,resnet_pa,3,5,animacy,14,animate_012_right.png,inanimate_011_right.png,382
2332,resnet_pa,3,5,animacy,14,inanimate_005_left_pair.png,animate_009_left_pair.png,385
2333,resnet_pa,3,5,animacy,14,animate_010_right.png,inanimate_003_right.png,387
2334,resnet_pa,3,5,animacy,14,inanimate_001_left.png,animate_006_left.png,389
2335,resnet_pa,3,5,animacy,14,animate_008_left.png,inanimate_007_left.png,395
2336,resnet_pa,3,5,animacy,14,animate_001_right.png,inanimate_007_right.png,396
2337,resnet_pa,3,5,animacy,14,animate_004_right.png,inanimate_002_right.png,401
2338,resnet_pa,3,5,animacy,14,animate_008_right.png,inanimate_011_right.png,402
2339,resnet_pa,3,5,animacy,14,inanimate_008_right_pair.png,animate_007_right_pair.png,404
2340,resnet_pa,3,5,animacy,14,inanimate_008_left_pair.png,animate_003_left_pair.png,410
2341,resnet_pa,3,5,animacy,14,animate_004_right_pair.png,inanimate_012_right_pair.png,411
2342,resnet_pa,3,5,animacy,14,animate_004_left.png,inanimate_001_left.png,412
2343,resnet_pa,3,5,animacy,14,inanimate_007_left.png,animate_011_left.png,415
2344,resnet_pa,3,5,animacy,14,animate_006_left.png,inanimate_007_left.png,416
2345,resnet_pa,3,5,animacy,14,animate_002_right_pair.png,inanimate_011_right_pair.png,419
2346,resnet_pa,3,5,animacy,14,inanimate_001_right_pair.png,animate_001_right_pair.png,421
2347,resnet_pa,3,5,animacy,14,inanimate_002_left_pair.png,animate_006_left_pair.png,424
2348,resnet_pa,3,5,animacy,14,animate_006_right_pair.png,inanimate_011_right_pair.png,425
2349,resnet_pa,3,5,animacy,14,animate_004_left.png,inanimate_006_left.png,429
2350,resnet_pa,3,5,animacy,14,inanimate_001_right_pair.png,animate_005_right_pair.png,430
2351,resnet_pa,3,5,animacy,14,animate_010_right.png,inanimate_012_right.png,431
2352,resnet_pa,3,5,animacy,14,inanimate_007_left_pair.png,animate_009_left_pair.png,433
2353,resnet_pa,3,5,animacy,14,inanimate_011_left_pair.png,animate_001_left_pair.png,435
2354,resnet_pa,3,5,animacy,14,inanimate_002_right.png,animate_010_right.png,437
2355,resnet_pa,3,5,animacy,14,animate_008_left_pair.png,inanimate_006_left_pair.png,438
2356,resnet_pa,3,5,animacy,14,inanimate_001_left_pair.png,animate_007_left_pair.png,440
2357,resnet_pa,3,5,animacy,14,inanimate_002_right.png,animate_001_right.png,447
2358,resnet_pa,3,5,animacy,14,animate_007_left_pair.png,inanimate_003_left_pair.png,450
2359,resnet_pa,3,5,animacy,14,inanimate_008_left.png,animate_007_left.png,451
2360,resnet_pa,3,5,animacy,14,animate_008_left.png,inanimate_001_left.png,455
2361,resnet_pa,3,5,animacy,14,animate_002_left_pair.png,inanimate_011_left_pair.png,462
2362,resnet_pa,3,5,animacy,14,inanimate_011_right_pair.png,animate_005_right_pair.png,463
2363,resnet_pa,3,5,animacy,14,inanimate_005_right_pair.png,animate_011_right_pair.png,464
2364,resnet_pa,3,5,animacy,14,inanimate_001_right.png,animate_005_right.png,466
2365,resnet_pa,3,5,animacy,14,animate_010_left.png,inanimate_005_left.png,473
2366,resnet_pa,3,5,animacy,14,inanimate_009_right.png,animate_009_right.png,475
2367,resnet_pa,3,5,animacy,14,animate_004_left_pair.png,inanimate_009_left_pair.png,479
2368,resnet_pa,3,5,animacy,14,inanimate_005_left.png,animate_006_left.png,480
2369,resnet_pa,3,5,animacy,14,animate_002_right.png,inanimate_012_right.png,483
2370,resnet_pa,3,5,animacy,14,animate_011_right_pair.png,inanimate_002_right_pair.png,484
2371,resnet_pa,3,5,animacy,14,animate_001_right_pair.png,inanimate_008_right_pair.png,487
2372,resnet_pa,3,5,animacy,14,animate_011_right_pair.png,inanimate_012_right_pair.png,491
2373,resnet_pa,3,5,animacy,14,inanimate_010_right.png,animate_004_right.png,493
2374,resnet_pa,3,5,animacy,14,animate_011_left_pair.png,inanimate_011_left_pair.png,499
2375,resnet_pa,3,5,animacy,14,animate_010_left.png,inanimate_012_left.png,500
2376,resnet_pa,3,5,animacy,14,inanimate_003_right.png,animate_008_right.png,501
2377,resnet_pa,3,5,animacy,14,inanimate_005_right_pair.png,animate_002_right_pair.png,502
2378,resnet_pa,3,5,animacy,14,inanimate_004_left.png,animate_005_left.png,503
2379,resnet_pa,3,5,animacy,14,inanimate_012_left_pair.png,animate_012_left_pair.png,504
2380,resnet_pa,3,5,animacy,14,inanimate_007_left_pair.png,animate_005_left_pair.png,505
2381,resnet_pa,3,5,animacy,14,inanimate_007_right_pair.png,animate_008_right_pair.png,506
2382,resnet_pa,3,5,animacy,14,animate_008_right.png,inanimate_001_right.png,509
2383,resnet_pa,3,5,animacy,14,animate_007_right.png,inanimate_004_right.png,510
2384,resnet_pa,3,5,animacy,14,inanimate_003_left_pair.png,animate_008_left_pair.png,513
2385,resnet_pa,3,5,animacy,14,inanimate_008_right.png,animate_005_right.png,514
2386,resnet_pa,3,5,animacy,14,inanimate_011_right_pair.png,animate_002_right_pair.png,516
2387,resnet_pa,3,5,animacy,14,inanimate_012_right_pair.png,animate_001_right_pair.png,517
2388,resnet_pa,3,5,animacy,14,animate_003_left.png,inanimate_012_left.png,519
2389,resnet_pa,3,5,animacy,14,inanimate_006_right_pair.png,animate_011_right_pair.png,522
2390,resnet_pa,3,5,animacy,14,animate_007_right.png,inanimate_002_right.png,527
2391,resnet_pa,3,5,animacy,14,animate_001_right_pair.png,inanimate_009_right_pair.png,530
2392,resnet_pa,3,5,animacy,14,inanimate_003_right.png,animate_011_right.png,538
2393,resnet_pa,3,5,animacy,14,animate_009_right.png,inanimate_004_right.png,540
2394,resnet_pa,3,5,animacy,14,inanimate_004_right_pair.png,animate_011_right_pair.png,542
2395,resnet_pa,3,5,animacy,14,animate_003_left.png,inanimate_002_left.png,543
2396,resnet_pa,3,5,animacy,14,animate_009_left_pair.png,inanimate_001_left_pair.png,546
2397,resnet_pa,3,5,animacy,14,animate_010_right.png,inanimate_006_right.png,548
2398,resnet_pa,3,5,animacy,14,animate_008_right_pair.png,inanimate_008_right_pair.png,552
2399,resnet_pa,3,5,animacy,14,inanimate_010_right_pair.png,animate_007_right_pair.png,558
2400,resnet_pa,3,5,animacy,14,inanimate_004_left_pair.png,animate_007_left_pair.png,559
2401,resnet_pa,3,5,animacy,14,inanimate_008_left.png,animate_009_left.png,560
2402,resnet_pa,3,5,animacy,14,inanimate_008_left.png,animate_006_left.png,563
2403,resnet_pa,3,5,animacy,14,animate_005_left_pair.png,inanimate_008_left_pair.png,567
2404,resnet_pa,3,5,animacy,14,animate_005_right.png,inanimate_005_right.png,568
2405,resnet_pa,3,5,animacy,14,inanimate_004_right.png,animate_008_right.png,569
2406,resnet_pa,3,5,animacy,14,inanimate_004_right_pair.png,animate_009_right_pair.png,571
2407,resnet_pa,3,5,animacy,14,animate_007_right_pair.png,inanimate_001_right_pair.png,572
2408,resnet_pa,3,5,animacy,14,animate_008_left.png,inanimate_011_left.png,578
2409,resnet_pa,3,5,animacy,14,animate_012_left_pair.png,inanimate_007_left_pair.png,579
2410,resnet_pa,3,5,animacy,14,inanimate_002_right.png,animate_003_right.png,583
2411,resnet_pa,3,5,animacy,14,inanimate_011_right.png,animate_002_right.png,585
2412,resnet_pa,3,5,animacy,14,animate_007_left_pair.png,inanimate_008_left_pair.png,586
2413,resnet_pa,3,5,animacy,14,animate_007_left.png,inanimate_008_left.png,589
2414,resnet_pa,3,5,animacy,14,animate_002_left.png,inanimate_012_left.png,590
2415,resnet_pa,3,5,animacy,14,inanimate_011_right_pair.png,animate_001_right_pair.png,592
2416,resnet_pa,3,5,animacy,14,animate_011_left.png,inanimate_010_left.png,594
2417,resnet_pa,3,5,animacy,14,inanimate_010_right.png,animate_007_right.png,595
2418,resnet_pa,3,5,animacy,14,animate_011_left.png,inanimate_007_left.png,599
2419,resnet_pa,3,5,animacy,14,animate_003_right.png,inanimate_005_right.png,600
2420,resnet_pa,3,5,animacy,14,inanimate_004_left_pair.png,animate_012_left_pair.png,604
2421,resnet_pa,3,5,animacy,14,animate_005_left.png,inanimate_007_left.png,605
2422,resnet_pa,3,5,animacy,14,animate_001_left.png,inanimate_006_left.png,609
2423,resnet_pa,3,5,animacy,14,inanimate_010_right.png,animate_010_right.png,611
2424,resnet_pa,3,5,animacy,14,animate_006_left_pair.png,inanimate_006_left_pair.png,613
2425,resnet_pa,3,5,animacy,14,animate_012_left_pair.png,inanimate_005_left_pair.png,614
2426,resnet_pa,3,5,animacy,14,inanimate_011_left_pair.png,animate_005_left_pair.png,615
2427,resnet_pa,3,5,animacy,14,inanimate_012_right.png,animate_003_right.png,619
2428,resnet_pa,3,5,animacy,14,inanimate_011_right.png,animate_010_right.png,620
2429,resnet_pa,3,5,animacy,14,animate_010_right.png,inanimate_004_right.png,621
2430,resnet_pa,3,5,animacy,14,animate_007_right.png,inanimate_008_right.png,625
2431,resnet_pa,3,5,animacy,14,animate_010_left.png,inanimate_011_left.png,626
2432,resnet_pa,3,5,animacy,14,animate_009_left_pair.png,inanimate_002_left_pair.png,627
2433,resnet_pa,3,5,animacy,14,inanimate_009_right_pair.png,animate_002_right_pair.png,629
2434,resnet_pa,3,5,animacy,14,inanimate_003_left.png,animate_009_left.png,634
2435,resnet_pa,3,5,animacy,14,inanimate_008_left_pair.png,animate_008_left_pair.png,636
2436,resnet_pa,3,5,animacy,14,inanimate_003_right_pair.png,animate_009_right_pair.png,639
2437,resnet_pa,3,5,animacy,14,animate_004_right.png,inanimate_010_right.png,643
2438,resnet_pa,3,5,animacy,14,animate_012_left_pair.png,inanimate_004_left_pair.png,644
2439,resnet_pa,3,5,animacy,14,inanimate_008_left_pair.png,animate_005_left_pair.png,646
2440,resnet_pa,3,5,animacy,14,inanimate_011_right.png,animate_008_right.png,647
2441,resnet_pa,3,5,animacy,14,inanimate_002_right_pair.png,animate_001_right_pair.png,649
2442,resnet_pa,3,5,animacy,14,animate_003_right_pair.png,inanimate_008_right_pair.png,650
2443,resnet_pa,3,5,animacy,14,animate_006_left_pair.png,inanimate_011_left_pair.png,655
2444,resnet_pa,3,5,animacy,14,animate_002_right_pair.png,inanimate_003_right_pair.png,660
2445,resnet_pa,3,5,animacy,14,animate_001_left_pair.png,inanimate_011_left_pair.png,661
2446,resnet_pa,3,5,animacy,14,inanimate_012_left.png,animate_004_left.png,664
2447,resnet_pa,3,5,animacy,14,inanimate_004_left.png,animate_008_left.png,666
2448,resnet_pa,3,5,animacy,14,animate_010_right.png,inanimate_007_right.png,667
2449,resnet_pa,3,5,animacy,14,animate_002_right_pair.png,inanimate_001_right_pair.png,668
2450,resnet_pa,3,5,animacy,14,animate_002_right_pair.png,inanimate_007_right_pair.png,669
2451,resnet_pa,3,5,animacy,14,animate_005_right.png,inanimate_011_right.png,670
2452,resnet_pa,3,5,animacy,14,animate_012_right.png,inanimate_005_right.png,673
2453,resnet_pa,3,5,animacy,14,inanimate_010_right.png,animate_006_right.png,674
2454,resnet_pa,3,5,animacy,14,inanimate_012_right.png,animate_009_right.png,675
2455,resnet_pa,3,5,animacy,14,animate_004_left.png,inanimate_012_left.png,676
2456,resnet_pa,3,5,animacy,14,animate_010_left_pair.png,inanimate_009_left_pair.png,680
2457,resnet_pa,3,5,animacy,14,animate_007_right.png,inanimate_005_right.png,681
2458,resnet_pa,3,5,animacy,14,inanimate_002_left.png,animate_012_left.png,682
2459,resnet_pa,3,5,animacy,14,animate_012_right_pair.png,inanimate_004_right_pair.png,683
2460,resnet_pa,3,5,animacy,14,animate_001_right.png,inanimate_010_right.png,684
2461,resnet_pa,3,5,animacy,14,inanimate_012_right.png,animate_010_right.png,686
2462,resnet_pa,3,5,animacy,14,animate_012_right_pair.png,inanimate_005_right_pair.png,688
2463,resnet_pa,3,5,animacy,14,animate_011_left.png,inanimate_006_left.png,689
2464,resnet_pa,3,5,animacy,14,animate_005_right_pair.png,inanimate_008_right_pair.png,693
2465,resnet_pa,3,5,animacy,14,animate_006_left.png,inanimate_002_left.png,694
2466,resnet_pa,3,5,animacy,14,animate_006_right_pair.png,inanimate_010_right_pair.png,699
2467,resnet_pa,3,5,animacy,14,animate_007_left_pair.png,inanimate_011_left_pair.png,702
2468,resnet_pa,3,5,animacy,14,animate_008_left_pair.png,inanimate_002_left_pair.png,703
2469,resnet_pa,3,5,animacy,14,inanimate_008_left_pair.png,animate_001_left_pair.png,705
2470,resnet_pa,3,5,animacy,14,inanimate_002_left_pair.png,animate_012_left_pair.png,708
2471,resnet_pa,3,5,animacy,14,animate_010_right.png,inanimate_008_right.png,712
2472,resnet_pa,3,5,animacy,14,inanimate_008_right.png,animate_006_right.png,714
2473,resnet_pa,3,5,animacy,14,animate_004_left_pair.png,inanimate_010_left_pair.png,717
2474,resnet_pa,3,5,animacy,14,inanimate_006_right_pair.png,animate_008_right_pair.png,725
2475,resnet_pa,3,5,animacy,14,inanimate_002_left_pair.png,animate_007_left_pair.png,728
2476,resnet_pa,3,5,animacy,14,inanimate_001_left_pair.png,animate_001_left_pair.png,729
2477,resnet_pa,3,5,animacy,14,inanimate_012_right.png,animate_004_right.png,730
2478,resnet_pa,3,5,animacy,14,inanimate_007_left.png,animate_007_left.png,731
2479,resnet_pa,3,5,animacy,14,animate_002_left.png,inanimate_006_left.png,732
2480,resnet_pa,3,5,animacy,14,inanimate_003_left.png,animate_011_left.png,735
2481,resnet_pa,3,5,animacy,14,animate_010_right.png,inanimate_009_right.png,737
2482,resnet_pa,3,5,animacy,14,inanimate_001_left.png,animate_012_left.png,739
2483,resnet_pa,3,5,animacy,14,inanimate_004_left_pair.png,animate_001_left_pair.png,740
2484,resnet_pa,3,5,animacy,14,animate_011_right.png,inanimate_005_right.png,741
2485,resnet_pa,3,5,animacy,14,inanimate_010_left.png,animate_001_left.png,744
2486,resnet_pa,3,5,animacy,14,inanimate_006_right_pair.png,animate_007_right_pair.png,745
2487,resnet_pa,3,5,animacy,14,animate_002_right_pair.png,inanimate_010_right_pair.png,747
2488,resnet_pa,3,5,animacy,14,animate_011_left_pair.png,inanimate_012_left_pair.png,749
2489,resnet_pa,3,5,animacy,14,inanimate_001_right_pair.png,animate_012_right_pair.png,750
2490,resnet_pa,3,5,animacy,14,animate_001_left_pair.png,inanimate_004_left_pair.png,751
2491,resnet_pa,3,5,animacy,14,inanimate_003_left_pair.png,animate_002_left_pair.png,752
2492,resnet_pa,3,5,animacy,14,inanimate_003_right_pair.png,animate_010_right_pair.png,753
2493,resnet_pa,3,5,animacy,14,animate_003_right.png,inanimate_010_right.png,754
2494,resnet_pa,3,5,animacy,14,inanimate_007_left_pair.png,animate_004_left_pair.png,763
2495,resnet_pa,3,5,animacy,14,animate_012_right_pair.png,inanimate_012_right_pair.png,764
2496,resnet_pa,3,5,animacy,14,animate_008_left_pair.png,inanimate_005_left_pair.png,771
2497,resnet_pa,3,5,animacy,14,inanimate_004_right_pair.png,animate_008_right_pair.png,773
2498,resnet_pa,3,5,animacy,14,animate_004_right.png,inanimate_012_right.png,775
2499,resnet_pa,3,5,animacy,14,inanimate_010_right.png,animate_008_right.png,777
2500,resnet_pa,3,5,animacy,14,animate_006_right.png,inanimate_005_right.png,781
2501,resnet_pa,3,5,animacy,14,inanimate_011_left.png,animate_004_left.png,782
2502,resnet_pa,3,5,animacy,14,animate_012_right.png,inanimate_009_right.png,783
2503,resnet_pa,3,5,animacy,14,animate_008_right_pair.png,inanimate_003_right_pair.png,784
2504,resnet_pa,3,5,animacy,14,animate_004_right_pair.png,inanimate_006_right_pair.png,785
2505,resnet_pa,3,5,animacy,14,animate_005_left.png,inanimate_008_left.png,789
2506,resnet_pa,3,5,animacy,14,inanimate_009_right_pair.png,animate_012_right_pair.png,790
2507,resnet_pa,3,5,animacy,14,animate_012_right.png,inanimate_006_right.png,793
2508,resnet_pa,3,5,animacy,14,inanimate_010_right.png,animate_009_right.png,795
2509,resnet_pa,3,5,animacy,14,animate_009_left_pair.png,inanimate_005_left_pair.png,798
2510,resnet_pa,3,5,animacy,14,animate_008_left.png,inanimate_002_left.png,799
2511,resnet_pa,3,5,animacy,14,animate_005_left.png,inanimate_004_left.png,800
2512,resnet_pa,3,5,animacy,14,inanimate_005_left_pair.png,animate_006_left_pair.png,801
2513,resnet_pa,3,5,animacy,14,animate_011_right.png,inanimate_003_right.png,802
2514,resnet_pa,3,5,animacy,14,inanimate_007_right.png,animate_007_right.png,803
2515,resnet_pa,3,5,animacy,14,animate_002_right_pair.png,inanimate_008_right_pair.png,807
2516,resnet_pa,3,5,animacy,14,animate_012_left.png,inanimate_002_left.png,811
2517,resnet_pa,3,5,animacy,14,animate_009_left_pair.png,inanimate_010_left_pair.png,812
2518,resnet_pa,3,5,animacy,14,inanimate_011_right_pair.png,animate_011_right_pair.png,815
2519,resnet_pa,3,5,animacy,14,inanimate_004_right.png,animate_012_right.png,816
2520,resnet_pa,3,5,animacy,14,animate_002_left_pair.png,inanimate_003_left_pair.png,817
2521,resnet_pa,3,5,animacy,14,inanimate_009_left.png,animate_001_left.png,819
2522,resnet_pa,3,5,animacy,14,animate_009_left.png,inanimate_001_left.png,820
2523,resnet_pa,3,5,animacy,14,inanimate_012_left.png,animate_011_left.png,821
2524,resnet_pa,3,5,animacy,14,animate_009_right.png,inanimate_002_right.png,826
2525,resnet_pa,3,5,animacy,14,animate_004_right.png,inanimate_009_right.png,827
2526,resnet_pa,3,5,animacy,14,animate_003_left_pair.png,inanimate_011_left_pair.png,832
2527,resnet_pa,3,5,animacy,14,inanimate_001_right.png,animate_002_right.png,833
2528,resnet_pa,3,5,animacy,14,animate_010_right_pair.png,inanimate_008_right_pair.png,835
2529,resnet_pa,3,5,animacy,14,inanimate_005_right.png,animate_011_right.png,836
2530,resnet_pa,3,5,animacy,14,animate_006_left.png,inanimate_010_left.png,837
2531,resnet_pa,3,5,animacy,14,animate_005_left_pair.png,inanimate_002_left_pair.png,838
2532,resnet_pa,3,5,animacy,14,animate_006_right_pair.png,inanimate_001_right_pair.png,839
2533,resnet_pa,3,5,animacy,14,inanimate_005_left_pair.png,animate_011_left_pair.png,840
2534,resnet_pa,3,5,animacy,14,animate_009_right.png,inanimate_001_right.png,844
