population,variable,param_id,r2,rmse,paper_r2,paper_rmse
infants,EIG,1,0.3429603855613051,3.851514141114552,0.3456951906520308,3.8832104770848255
infants,EIG,2,0.36143952180735966,3.8073718806904573,0.3784286694818899,3.744113810919095
infants,EIG,3,0.3626045097350526,3.803932179861277,0.3654842087733919,3.8991878635221022
infants,EIG,4,0.38060908330878773,3.759481206617073,0.3787150902839942,3.841365363330142
infants,EIG,5,0.3953073259812587,3.726040080715712,0.3875018005495683,3.745184036112299
infants,EIG,6,0.2827122204125631,4.02190009242724,0.2891072568232382,4.043962357222359
infants,EIG,7,0.38882069644699285,3.7343563519394127,0.3939856818485571,3.772502070134053
infants,EIG,8,0.36843902727066336,3.781875405701259,0.3628940248701366,3.9288328039566673
infants,EIG,9,0.2931089121798614,3.935297594693363,0.2990895180391247,3.9877663769297103
infants,EIG,10,0.32904880305640766,3.869681368234798,0.3359438160772324,3.7866227032225535
infants,EIG,11,0.3520202088419172,3.808194989719727,0.3478780172524695,3.9316166929393113
infants,EIG,12,0.30399912551176145,4.0098727849460145,0.3230080985270789,4.036627364611815
infants,EIG,13,0.30656126559882674,3.962793743718194,0.3103548346788167,3.9941800687710782
infants,EIG,14,0.3536294063073528,3.815228913068976,0.3667201017289262,3.7756851691197113
infants,EIG,15,0.38095660641940443,3.7542567228473653,0.3915484782524133,3.7084964491897567
infants,EIG,16,0.3437711002325752,3.8448834319921095,0.3435401435211164,3.830555361414632
infants,EIG,17,0.35027399507889945,3.827462929932641,0.3512232455615194,3.911881453925581
infants,EIG,18,0.3165073445107949,3.9782703983226333,0.3279135778599874,3.999409684664741
infants,EIG,19,0.30068881376699313,3.978705619634669,0.3185981162419056,3.9580824821979936
infants,EIG,20,0.34286030397487194,3.8377923445357407,0.3442450459940083,3.926155213600597
infants,EIG,21,0.29684247957857834,3.9424745980227494,0.2983956976724076,4.102507261670544
infants,EIG,22,0.35591740912736314,3.8192033845697164,0.3695483031860319,3.742158059801731
infants,EIG,23,0.39026278436183376,3.7493590412876383,0.396619246181133,3.843613029034297
infants,EIG,24,0.2731546109484888,4.071387063527971,0.2890359137392219,4.025116697040704
infants,EIG,25,0.3043012905142599,3.97782988538217,0.3099205988992872,3.929887130477918
infants,EIG,26,0.3421788083228725,3.844201885147555,0.3434886255670901,3.9207227573981416
infants,EIG,27,0.3165468874902409,3.899306398509184,0.3194093717622834,3.994445105739633
infants,EIG,28,0.33712268967851033,3.845002809041607,0.3386631004768923,4.03961132370321
infants,EIG,29,0.3630389439673952,3.7929170894523594,0.3639117299683918,3.9642389117805337
infants,EIG,30,0.28200658107703547,4.0097281225557735,0.2883447864429156,4.091805507268883
infants,EIG,31,0.45287892450361794,3.637402650362952,0.4572603372509151,3.777723105361218
infants,EIG,32,0.3731261961348271,3.7944879596285808,0.3747116323508573,3.9317130145997874
infants,EIG,33,0.3800378296717627,3.755762585716925,0.3873423803741547,3.838008667522676
infants,EIG,34,0.3248437874190661,3.8768536085725818,0.3142110530637077,3.961121452098965
infants,EIG,35,0.3825472373605608,3.7639564984572074,0.4006371636990823,3.732866146818839
infants,EIG,36,0.34970699002574,3.9040132437176385,0.3592773442469515,4.002481093063678
infants,EIG,37,0.18454488657410376,4.305727117048624,0.1875235883313205,4.37309966060893
infants,EIG,38,0.3495667195587536,3.841226447152891,0.3576331380432126,3.992907705220704
infants,EIG,39,0.2915665793062544,3.9650896861839464,0.3061634715411515,3.972042254438724
infants,EIG,40,0.3510680883464635,3.8264738386674946,0.3630703768252666,3.847095683692441
infants,EIG,41,0.26310299504253026,4.038513017158554,0.2587479938167481,4.099726577918922
infants,EIG,42,0.28321167237444145,4.037893290479932,0.286362000244765,4.136230292957102
infants,EIG,43,0.20700558878943562,4.229713394934761,0.2074221092828244,4.26141269292473
infants,EIG,44,0.3477709098265578,3.84477628230109,0.3537961439340377,3.9673551114102352
infants,EIG,45,0.28772752184829065,3.961427984318095,0.2931421559241128,3.98459454506706
infants,EIG,46,0.3413164916623248,3.8591166540242297,0.3462589691501196,3.909295356358245
infants,EIG,47,0.2902015459560019,3.956071292407695,0.2907704306692649,4.104782895589366
infants,EIG,48,0.29886039715613116,4.024772648806956,0.306456830127341,4.076438002829122
infants,EIG,49,0.2979846092162235,4.013984255292136,0.2994724591995108,4.052541571524062
infants,EIG,50,0.33925045549324184,3.864513375364762,0.3393374741305319,3.9417022793639327
infants,EIG,51,0.29608598538702685,3.932319641482403,0.2934770724432653,4.061021307779107
infants,EIG,52,0.32705127401823864,3.884062753655819,0.3270196052469542,3.938823914134929
infants,EIG,53,0.34886757333031554,3.830386736682074,0.3466452193768779,3.809905169655593
infants,EIG,54,0.3126605864858855,3.976138126412823,0.3145234339702153,3.9461340724824994
infants,EIG,55,0.3219501176761743,3.9282958990586256,0.3216467904676717,4.017891193153084
infants,EIG,56,0.33291275617395427,3.8651347500865807,0.3270168994529643,4.008371828469359
infants,EIG,57,0.31568783868539735,3.8956864185215885,0.3135063324795998,4.070284324818569
infants,EIG,58,0.3467321828843374,3.8480002674940716,0.351845813993109,3.731956272932142
infants,EIG,59,0.3528877235313307,3.832554563870561,0.3490392041813827,3.84966490938077
infants,EIG,60,0.36289582089109246,3.8317214606383616,0.3696586558499309,3.883432927782038
infants,EIG,61,0.33039639097808654,3.903355940027502,0.3365253304777205,3.944148376163112
infants,EIG,62,0.3763846882624914,3.768298285423614,0.3789438591871715,3.9159086695311474
infants,EIG,63,0.3417003980344148,3.843244593517134,0.3469091175329259,3.9187150404691455
infants,EIG,64,0.32476055791936453,3.892082934234014,0.332174552217942,3.913847437185731
infants,EIG,65,0.2974804205010128,3.925732500091582,0.3017113933295873,3.8008898584632727
infants,EIG,66,0.2859418711926651,4.018028038428655,0.2787171562491635,4.122695354091734
infants,EIG,67,0.28891330463623094,4.056713883554334,0.2881165868133995,4.08137420076088
infants,EIG,68,0.36231696309757333,3.785602029896686,0.3671321658679531,3.726322980440833
infants,EIG,69,0.3261366973963433,3.8593920872419223,0.3301210838918543,3.8912617112459578
infants,EIG,70,0.3437374677662865,3.8491445337638925,0.3435122590566086,3.8559244204284777
infants,EIG,71,0.3683540986072354,3.7902610723604084,0.3832660118432395,3.830296393770182
infants,EIG,72,0.32181050129354705,3.9494676239661293,0.3365311420045771,4.013630217167253
infants,EIG,73,0.33557345662366184,3.9340035977975925,0.3382476928519446,4.066056090038467
infants,EIG,74,0.32196998529412774,3.8884276905491095,0.3269098211610313,3.8547072160736287
infants,EIG,75,0.3185074742496574,3.8788437634123643,0.3180331013136109,3.8200947890320687
infants,EIG,76,0.31248322714624677,3.9081677560535546,0.3109186102115933,3.970015083373932
infants,EIG,77,0.34132877740205986,3.845617319215858,0.3515405016859206,3.889690754283125
infants,EIG,78,0.3043728440972316,3.965628809727172,0.3045431442503992,3.907977283170463
infants,EIG,79,0.2930374123286594,4.025937184694512,0.2997070399866903,3.977527789235829
infants,EIG,80,0.35017124464835303,3.8255197581216693,0.3420774281276195,3.790097138559539
infants,EIG,81,0.3438143506202417,3.8217349884083514,0.341360593396119,3.8885709716533303
infants,EIG,82,0.3445421393501067,3.831850034418163,0.3398975278243757,3.967797516757851
infants,EIG,83,0.3695531238814439,3.772285194418566,0.3692505764963982,3.7969239211703703
infants,EIG,84,0.3472081272813443,3.8956304896176426,0.3538492209431889,3.949605585342243
infants,EIG,85,0.33197058688339953,3.913851735809611,0.3397413353865372,3.859215504926773
infants,EIG,86,0.3494697307278079,3.8256305542403197,0.3508041371025061,3.781904694390867
infants,EIG,87,0.34519267110606405,3.8182008343411207,0.3409874519414893,3.861607665172064
infants,EIG,88,0.33654911200372195,3.8585754533964804,0.3397804750824681,3.868539751824188
infants,EIG,89,0.3746558962456615,3.7749174630982907,0.3735209462975282,3.8465629253998066
infants,EIG,90,0.2824488921615881,4.086718630081124,0.2876264114634593,4.0487390041912255
infants,EIG,91,0.2866028218565713,4.020576279333844,0.2921754325645925,4.082394693030313
infants,EIG,92,0.33138361692494683,3.8729039598038986,0.3376271990151331,3.989182772667222
infants,EIG,93,0.23801374300265843,4.052515674246689,0.2410623674589272,4.186815908940307
infants,EIG,94,0.32177456756621964,3.898444726737881,0.3176010228055788,3.8812124463227953
infants,EIG,95,0.3409014162724972,3.850645151472554,0.3543326260470719,3.908564028185472
infants,EIG,96,0.2600064133235624,4.10428359966484,0.2654788559599365,4.109698219696037
infants,EIG,97,0.20421217830647717,4.191483859321182,0.2027582118007123,4.213863431988276
infants,EIG,98,0.3399977529887014,3.8568281093538963,0.3473911521641953,3.824662152314197
infants,EIG,99,0.3621368148406729,3.7933523063161023,0.369650973275078,3.733389874064621
infants,EIG,100,0.3273316147060643,3.8814303974426303,0.3307717184698701,3.926228956598905
infants,EIG,101,0.3396771887938806,3.8531955957049946,0.3330863874471244,3.969324570662146
infants,EIG,102,0.33291083573846053,3.9163481237496875,0.3389671191846961,3.9622414114147753
infants,EIG,103,0.3508792377107173,3.8803525000607912,0.3633253822593295,3.839998276996923
infants,EIG,104,0.2950717197808031,3.9556283110932897,0.305220306326146,3.931814920344165
infants,EIG,105,0.3217044987296618,3.8771365448883186,0.3285708499130192,3.91432952854998
infants,EIG,106,0.3535072793543399,3.826864811380065,0.3655283098193117,3.886706843698132
infants,EIG,107,0.33803768451639354,3.85293383023188,0.3392119948016349,3.8844829309325024
infants,EIG,108,0.3069958883368233,3.9336836174871506,0.3173527702038862,3.982978946208363
infants,EIG,109,0.3931240966830032,3.7587878660543526,0.4063749003880703,3.824545634630483
infants,EIG,110,0.3346472406836172,3.8659862298171364,0.3330687982763591,3.86304236059541
infants,EIG,111,0.32953924626752934,3.85537642507515,0.3282749840360572,4.022330365699462
infants,EIG,112,0.3115638431722689,3.9035545207441946,0.3095098434029626,4.141702655958836
infants,EIG,113,0.3647466923555116,3.7884386361243316,0.3687108974700493,3.797979220701684
infants,EIG,114,0.34568296021717093,3.873929160267536,0.3626391726911952,3.8054868552316425
infants,EIG,115,0.3855528294864292,3.8066196617075825,0.388094346864881,3.782298597040501
infants,EIG,116,0.33508554097249105,3.8459936432579065,0.3248311387591561,3.965290647710362
infants,EIG,117,0.30714485437457184,3.922546658062517,0.3163258731855797,3.949065939390842
infants,EIG,118,0.28123262851874303,3.9813876611025965,0.28512546744565,4.149290916216875
infants,EIG,119,0.3640206729914452,3.8012986049702384,0.3640141221625178,3.867967766368428
infants,EIG,120,0.32847345955441426,3.927739063135152,0.3388456874225262,3.8805833637632454
infants,EIG,121,0.24265617330336148,4.094842678142715,0.2438927953849242,4.05910016042268
infants,EIG,122,0.3726450187779127,3.7870954530726326,0.3853247612603095,3.695653964880625
infants,EIG,123,0.31370055057807905,3.90642616960621,0.3209267645111562,3.7748875785244462
infants,EIG,124,0.3166260578572148,3.8891300992954063,0.3184095665723814,3.992511320851883
infants,EIG,125,0.36589458928779145,3.7966494590448905,0.3721400267014174,3.833348796461217
infants,EIG,126,0.2641133086823552,4.083611374773804,0.2736369594228145,4.140198136650914
infants,EIG,127,0.2653050597779206,4.096555263317579,0.2696388304942848,4.151732606906731
infants,EIG,128,0.36914056516677735,3.7820078233053867,0.3775916561058904,3.8898543065402
infants,EIG,129,0.32199234115003716,3.8877978705583076,0.3232069261628174,3.9102009228209056
infants,EIG,130,0.3098306967770924,3.911999480358375,0.3099119385763016,3.946503442073509
infants,EIG,131,0.3697689856771216,3.76233090378078,0.3717235909788222,3.850878299258228
infants,EIG,132,0.30946556305748574,3.9395759837461357,0.313822812512805,4.1876239297124025
infants,EIG,133,0.32305952156496803,3.9175468238231224,0.3362657944201518,3.9769495288992767
infants,EIG,134,0.3447578733599388,3.8411948589860025,0.3474664145317541,3.894112313450908
infants,EIG,135,0.3534846539953358,3.8077827206125723,0.3506744431397117,3.888292352206933
infants,EIG,136,0.3497730064108315,3.8228750247158167,0.354112054676874,3.877560934168283
infants,EIG,137,0.37488367262916683,3.759005168865628,0.3786876089471125,3.822209279014891
infants,EIG,138,0.3379670902931049,3.8963982464139155,0.3466689287382559,3.945543476384119
infants,EIG,139,0.3452618618723781,3.840691358984177,0.3478834976681985,3.853243187039004
infants,EIG,140,0.37147947504579776,3.779261275490437,0.3753721934858241,3.8424933031358086
infants,EIG,141,0.3115993856500742,3.9079427010391896,0.3155310812621514,3.9818188330125017
infants,EIG,142,0.3210180889945001,3.901632580617938,0.3239328186708148,3.866509938774712
infants,EIG,143,0.3285296640276617,3.8631823154635128,0.3316014495710683,3.8588029913121513
infants,EIG,144,0.3320204140076706,3.9701236334069367,0.3299218976528283,4.0148736778327185
infants,EIG,145,0.16048048487017227,4.297567534111261,0.1753290868926322,4.161891241699721
infants,EIG,146,0.3145217348654258,3.91589765259812,0.3199980861165328,3.882948360500239
infants,EIG,147,0.28315894916554335,3.969673271158754,0.2924662396208071,3.983765253928023
infants,EIG,148,0.3066836475485983,3.919667910596214,0.3064384859354482,4.038493841893315
infants,EIG,149,0.30034592630580365,3.9378546427708345,0.30088491892076,4.011075927526171
infants,EIG,150,0.30270840372865526,4.014302366310727,0.3149323391311614,4.0645822672913825
infants,EIG,151,0.15034934110058182,4.325855468442809,0.1559430164012697,4.4375827677395145
infants,EIG,152,0.29897405644130565,3.933344756686452,0.3039738335719084,3.897014825450213
infants,EIG,153,0.3311524724450311,3.8751003797689645,0.331465487265822,4.028980181886463
infants,EIG,154,0.3251159406279033,3.8843049017804994,0.3215146524800121,3.996383190234938
infants,EIG,155,0.347852644772637,3.8420773284774143,0.3435503387710629,3.8869016611707647
infants,EIG,156,0.345909216603296,3.8776104865067196,0.3477548674982255,3.8934976917875423
infants,EIG,157,0.40963747502206954,3.725714533927867,0.42065405896939,3.8026823618755783
infants,EIG,158,0.2830298297111104,3.9808640195022984,0.2913345049951714,3.943207676266232
infants,EIG,159,0.3494328056809895,3.8117092772023726,0.3398677212451946,3.790112026173795
infants,EIG,160,0.3261123871136439,3.883134307235114,0.322299528190206,4.00137364378428
infants,EIG,161,0.32932001112121967,3.8732116477370018,0.3315356648364937,3.8165160518167816
infants,KL,1,0.33836513813251273,3.8542629927965106,0.3446899869696927,3.9092451734246727
infants,KL,3,0.3574447648459664,3.8355039400064466,0.3652495651616543,3.87438818233592
infants,KL,5,0.32389744744399307,3.860961900367371,0.3272138170581104,3.9495765270187055
infants,KL,7,0.36704761147728837,3.7805512337031373,0.3721840691563464,3.905283946736724
infants,KL,9,0.3089804749094927,3.9089288786185206,0.3078903834813676,3.973857424000423
infants,KL,11,0.37089707685964074,3.7723282057675602,0.3700479887751689,3.814466808882906
infants,KL,13,0.3353083744815191,3.8646516767331307,0.3408766236230251,3.9955753468047583
infants,KL,15,0.3452885865187804,3.8524862677277256,0.3472836800259857,4.082352986535317
infants,KL,17,0.3122744138755726,3.8912377607680866,0.3138876125014776,3.891250633828983
infants,KL,19,0.3325622406924464,3.8570935593531432,0.3278527181235279,3.829117628457788
infants,KL,21,0.30723794626888556,3.907059032505789,0.3142936413115998,3.912936033754561
infants,KL,23,0.3499468876128438,3.820805609358156,0.3533471984321277,3.990616306803765
infants,KL,25,0.3173850902012083,3.9161715458874795,0.3340952842317875,3.9725655054477538
infants,KL,27,0.32405318363413776,3.9163701739745265,0.3322032380015212,3.8423147274261114
infants,KL,29,0.33059769887401685,3.8446021669197528,0.3260151740990267,4.009134150194419
infants,KL,31,0.35863760498776776,3.7932501467668307,0.3533965883739109,3.85539571459781
infants,KL,33,0.30393923376710336,3.9202096348934017,0.3028991184449063,3.9703186749465167
infants,KL,35,0.33381638581331097,3.861614495351994,0.3392116517607379,3.9185999831599423
infants,KL,37,0.3587627325735815,3.817117782659959,0.3566974137721168,4.01800238090405
infants,KL,39,0.3321319376119019,3.8970999677431437,0.3329643162757418,3.944227683235539
infants,KL,41,0.3050556376195625,3.9070620172619157,0.2986144719655043,4.0276016151313
infants,KL,43,0.37423663791891626,3.760436091587631,0.3658680525786708,3.887778666339888
infants,KL,45,0.3234500191771491,3.8669630064407308,0.3255215560224687,3.939082725283221
infants,KL,47,0.34620933754687483,3.8243858385429097,0.3554698337243209,3.7324445312184897
infants,KL,49,0.3377594322442473,3.859684958468206,0.3480269771720947,3.964954825175708
infants,KL,51,0.3412706089013552,3.8772327850574855,0.3492560123309732,3.8699338562646326
infants,KL,53,0.34111455103868965,3.8278370049908874,0.3480321318968368,3.7758840389492874
infants,KL,55,0.36522330476863263,3.781940769279124,0.3803400086779955,3.742799664662938
infants,KL,57,0.30950676795196047,3.8966224024139273,0.3080199984991781,4.0446629077730325
infants,KL,59,0.3309819640878768,3.858071017592506,0.3337400927067339,3.908443385931261
infants,KL,61,0.330265940878746,3.882818777407475,0.3359070241348466,3.961928671256094
infants,KL,63,0.34454948296845683,3.873120164740153,0.3553828135687535,3.996076645457271
infants,KL,65,0.3407938595638753,3.832785545160902,0.3506630305664579,3.8332234752580305
infants,KL,67,0.32466014904856266,3.8774615007457265,0.3307847230271295,3.9390096634678047
infants,KL,69,0.32961169388806355,3.8611720342099187,0.328008441036769,3.8186349061860407
infants,KL,71,0.36304808476617256,3.7891237147043815,0.3595199978516528,4.093435918472649
infants,KL,73,0.3488826852427253,3.8481190347655168,0.3436246675288157,3.943177058024736
infants,KL,75,0.3348002904811031,3.8901129965799517,0.3406440347723431,4.012401322350224
infants,KL,77,0.3116799692507386,3.9012099223770953,0.3135521590879629,3.9647620450836816
infants,KL,79,0.37304624248969775,3.7651951827048014,0.3677696139065575,3.7755157800462418
infants,KL,81,0.328333310128294,3.8625298812435482,0.3415606520640556,3.988026054923285
infants,KL,83,0.33967399821438027,3.8391325814350457,0.3290949388950236,4.027168680215517
infants,KL,85,0.3204058464245665,3.9042921340992502,0.322971516098588,4.006266258415126
infants,KL,87,0.3538940161709039,3.839432824158538,0.3625250273825135,3.9101369889419457
infants,KL,89,0.30790598695120325,3.912773210465281,0.3114612496386052,3.989763441104139
infants,KL,91,0.34237033034209857,3.8394546903215963,0.3368611772929215,3.907442960178502
infants,KL,93,0.3161566601899371,3.8892689540377745,0.3330148981077275,3.802689705485862
infants,KL,95,0.34952838998929037,3.8234404975339453,0.3467033425011643,4.08814014362672
infants,KL,97,0.33223020299414996,3.8671654218924276,0.3254369684861248,4.02369930281608
infants,KL,99,0.35592300917300324,3.8277387849976514,0.3666133704385665,3.8657035064674825
infants,KL,101,0.3063257660420807,3.909665363578564,0.3124757753806956,3.9171125068321104
infants,KL,103,0.343286567635756,3.8361321181047607,0.3496981330243447,3.8445330688183894
infants,KL,105,0.309902401568006,3.9013806798002384,0.3256804840347123,3.8258701874820753
infants,KL,107,0.3477986260114575,3.830545949463053,0.3496560070180806,3.8718011906204386
infants,KL,109,0.3396199890198109,3.8661233077990067,0.3473496332935123,3.8738386533373967
infants,KL,111,0.36887071873090166,3.798718601990889,0.3743410234790369,3.884326059399768
infants,KL,113,0.31579518450972693,3.887324232882548,0.3257924595966737,3.926745766915101
infants,KL,115,0.36247486763918535,3.7890778845886404,0.3686621689647601,3.8500237115443112
infants,KL,117,0.2987080556966378,3.9364579735919922,0.3171410306728213,3.904333088312813
infants,KL,119,0.3574026722465601,3.8013945585252555,0.3569472654715154,3.917236564607181
infants,KL,121,0.33515599520862405,3.8759068768308267,0.3318275130410307,3.949281808882152
infants,KL,123,0.3188845529945405,3.9212894896147206,0.3173722189016388,3.9684292318747407
infants,KL,125,0.34276743104636337,3.8274260094870027,0.3433711597773499,3.874901723968605
infants,KL,127,0.35621772834047066,3.799735101078686,0.3596196221550781,3.8301390493542335
infants,KL,129,0.3271933627788885,3.8555167595649507,0.3313554996143825,3.865164544003709
infants,KL,131,0.3579194483839761,3.7951319237749135,0.358764084303746,3.795530268540863
infants,KL,133,0.31806872038581163,3.9071197583896433,0.3183167885995502,4.07825334892296
infants,KL,135,0.3293731985053898,3.8945940120415914,0.3348674599719313,3.879813789955155
infants,KL,137,0.2955450297207653,3.9327034690432843,0.2927055531588249,4.041574030135812
infants,KL,139,0.36830068197353016,3.7798510288894227,0.3722773677342895,3.7622737917761007
infants,KL,141,0.29389004529226886,3.934884282562587,0.3004162516873502,3.920120243328259
infants,KL,143,0.36640125989807487,3.7795331186899683,0.3692842585574929,3.833757354462309
infants,KL,145,0.36388290572288684,3.807516718370796,0.3780827932654687,3.658206199045421
infants,KL,147,0.38332846264070125,3.7574767439382852,0.385599596614882,3.707923593289087
infants,KL,149,0.3287283597556609,3.8613498046425763,0.3349010402778656,3.7909250236333505
infants,KL,151,0.31781285951218413,3.8955330468986875,0.3168203594371573,3.992980863036219
infants,KL,153,0.3289565601308152,3.859460156267629,0.3259858419889379,3.8572023014431087
infants,KL,155,0.35717244743151305,3.797749107820329,0.3634588647687793,3.7700084209303304
infants,KL,157,0.32838002422333984,3.8882332844099126,0.3337303786272086,3.8135609010527816
infants,KL,159,0.3533254663223089,3.8516019317341157,0.3590428917632087,3.873693145645432
infants,KL,161,0.27252359946026283,3.978736410200579,0.2790330233957145,4.002173240467071
infants,Surprisal,1,0.22925443617688224,4.3631554657128895,0.2281730397208627,4.514937516984514
infants,Surprisal,2,0.36884533968838296,4.362096640546227,0.3844820749907413,4.689964164722652
infants,Surprisal,3,0.37832255415455834,4.362096640546227,0.3804078125889873,4.3634019190804345
infants,Surprisal,4,0.1448456831947114,4.362096640546227,0.151035094543993,4.616141998354709
infants,Surprisal,5,0.3780884677655429,4.362096640546227,0.3825320530325611,4.351151879473549
infants,Surprisal,6,0.1335884825615091,4.297737190649028,0.1430700431170672,4.388940777704433
infants,Surprisal,7,0.08992219177746388,4.356179098368351,0.0885302491299658,4.2942917636519
infants,Surprisal,8,0.03119219583631054,4.44527471863552,0.0386199551052213,4.651449108241762
infants,Surprisal,9,0.07355095733706897,4.390193008341454,0.0820239817897193,4.519842271551737
infants,Surprisal,10,0.02492998203942895,4.420318721716437,0.031142350999723,4.492184150838844
infants,Surprisal,11,0.2601553266861428,4.362096640546227,0.2649232015935343,4.332916605207785
infants,Surprisal,12,0.2082381496341759,4.086814842645905,0.2058566591113484,4.232393380560739
infants,Surprisal,13,0.3514148350323264,3.8497798427087058,0.3451962915815118,3.946194254902556
infants,Surprisal,14,0.1750420596092836,4.160451627419941,0.175216940887689,4.30638501586354
infants,Surprisal,15,0.12339044987027671,4.332208702969773,0.1263422660877854,4.473184883958925
infants,Surprisal,16,0.18802973018390548,4.151545599028335,0.1853739845062265,4.274192104969453
infants,Surprisal,17,0.14777463182623202,4.211030818701465,0.1414676476585621,4.361627014569163
infants,Surprisal,18,0.27510905130794366,4.362140278064811,0.2729053442248743,4.739524802505046
infants,Surprisal,19,0.25196999531620606,4.362096640546227,0.2532189798503804,4.376302819509659
infants,Surprisal,20,0.25732448735514735,4.362096640546227,0.2658161481148351,4.715354810098296
infants,Surprisal,21,0.2121530366983788,4.362096640546227,0.2115104222836497,4.436055891543463
infants,Surprisal,22,0.3355105027497898,4.362192329861503,0.3465742572106454,4.759455381074079
infants,Surprisal,23,0.376615359581025,4.362096640546227,0.3887173846482737,4.3637268993600475
infants,Surprisal,24,0.03646035630064825,4.418648581149359,0.0372016447650875,4.685895091655776
infants,Surprisal,25,0.12008581808777435,4.374346013305041,0.118415122589583,4.306889052454769
infants,Surprisal,26,0.03583766700153298,4.459464874430291,0.0292116587122003,4.537933142167833
infants,Surprisal,27,0.19620336461659987,4.36249570771892,0.2024155235094379,4.3210897688218886
infants,Surprisal,28,0.041925981175371,4.452884209843992,0.0434682209392204,4.5194592513953795
infants,Surprisal,29,0.2016431512127008,4.364032044528864,0.2060964583935424,4.346135676044764
infants,Surprisal,30,0.28016281302260615,3.997712646671944,0.275188864797029,4.063072810180212
infants,Surprisal,31,0.27692216568510664,4.028078724521883,0.2703482331783846,4.037663078289516
infants,Surprisal,32,0.24441976556034856,4.033240363346188,0.2436277895348673,4.068529727839655
infants,Surprisal,33,0.2485934254582474,4.062965268239284,0.2494292227237372,4.15174780131037
infants,Surprisal,34,0.20622471772822742,4.151272060072111,0.2077403867247149,4.271078144020163
infants,Surprisal,35,0.048093412470516295,4.408697262357457,0.0554631429540143,4.425972945384757
infants,Surprisal,36,0.23119084307730708,4.36210688743508,0.2291527883822613,5.214309049201956
infants,Surprisal,37,0.2192732006990711,4.362549783568573,0.2156415670462757,4.546702676989636
infants,Surprisal,38,0.0418079116231195,4.375233686787252,0.0420990703415464,4.575915441689575
infants,Surprisal,39,0.3236553864691334,4.362096640546227,0.3147652634742596,4.538189073317381
infants,Surprisal,40,0.11611121676951325,4.363648734102248,0.1208780578416955,4.741783330641917
infants,Surprisal,41,0.2040292420413836,4.362096640546227,0.2091124950927702,4.483581601430679
infants,Surprisal,42,0.13567036501296303,4.362671996224865,0.1370254923482242,5.012935508356527
infants,Surprisal,43,0.36088879401826496,4.362096640546227,0.3767851177737146,4.263695791674087
infants,Surprisal,44,0.039402233948513075,4.393276278568917,0.0378041106753491,4.493075743267197
infants,Surprisal,45,0.352591380088463,4.362096640546227,0.3391172824551801,4.444771924977024
infants,Surprisal,46,0.1825204794101129,4.362096640546227,0.1778061454240379,4.85945838939058
infants,Surprisal,47,0.34575876398857575,4.362096640546227,0.3570192676764258,4.348953475005048
infants,Surprisal,48,0.1849196820801375,4.210638311866471,0.1816614482466368,4.312329730582126
infants,Surprisal,49,0.2836197166461772,3.9176582245689273,0.2735626503069504,4.2098465625669945
infants,Surprisal,50,0.12472315778804477,4.27735696532277,0.1248973490921471,4.338520698845981
infants,Surprisal,51,0.12950691395075664,4.363123926934247,0.1227546226703119,4.514590808647131
infants,Surprisal,52,0.15424290475829178,4.199419953534051,0.1584366800158618,4.376706675534378
infants,Surprisal,53,0.04688030418555366,4.462617754808504,0.0474169190787411,4.570806344803461
infants,Surprisal,54,0.028615624120145466,4.422208767489094,0.0289876531260238,4.5459062966213875
infants,Surprisal,55,0.3979654210611777,4.362096640546227,0.3963743689285692,4.36090952212322
infants,Surprisal,56,0.2596540189566144,4.362096640546227,0.2647435125903901,4.7552831833151386
infants,Surprisal,57,0.20872143671232607,4.362534101688567,0.2060181970251567,4.394292344827668
infants,Surprisal,58,0.1309637842394562,4.3621159761912045,0.1381755213816687,4.740991494400362
infants,Surprisal,59,0.2263832943484462,4.3623141734662605,0.2311219239841828,4.447934065383893
infants,Surprisal,60,0.2303641201521335,4.0548224623287545,0.2216842550373446,4.1509758251825
infants,Surprisal,61,0.026833143739672813,4.422306001487249,0.0275974028544414,4.462322024106217
infants,Surprisal,62,0.03766023045133286,4.44549246535274,0.0373267517334244,4.553234319706965
infants,Surprisal,63,0.042331907565336134,4.455723380792338,0.0432796749351032,4.475135077606339
infants,Surprisal,64,0.06524433130442786,4.47350662206232,0.0545012829527446,4.60330527840837
infants,Surprisal,65,0.05721724530741661,4.437058164900411,0.0605159796894276,4.565394339738395
infants,Surprisal,66,0.22048784100397714,4.059962771238746,0.2228396101504896,4.099584675678685
infants,Surprisal,67,0.2677523676508689,3.948215840764093,0.2668717565116801,3.981213305104644
infants,Surprisal,68,0.24608309992471597,4.042233323797884,0.2435423897924905,4.088735893797978
infants,Surprisal,69,0.21773503840820907,4.084311202779259,0.2170980805678891,4.089594901775068
infants,Surprisal,70,0.18076953731201265,4.217614819445929,0.1831301170211959,4.192506937144423
infants,Surprisal,71,0.08792214275941534,4.33920033143165,0.082845387744902,4.383955045405437
infants,Surprisal,72,0.23997369475226016,4.365641994342521,0.2541288496212997,4.6279654627395965
infants,Surprisal,73,0.06141401695182027,4.422201574958945,0.0529514078671143,4.363293868528442
infants,Surprisal,74,0.23633304313470838,4.362096640546227,0.2435264467322332,4.770329886253467
infants,Surprisal,75,0.3681890798183703,4.362096640546227,0.3686114426693757,4.309454446494669
infants,Surprisal,76,0.13671579231045433,4.3621775518287915,0.1514759369117304,4.592979988469567
infants,Surprisal,77,0.2811968359086911,4.362096640546227,0.2875592186328765,4.375860723559029
infants,Surprisal,78,0.077149062660601,4.374568929419828,0.0784435443090619,4.457834141894833
infants,Surprisal,79,0.035691138138654634,4.445407531668668,0.0407313757753613,4.492565674218631
infants,Surprisal,80,0.06109962796717249,4.497964087058562,0.0571888506180259,4.566580022938831
infants,Surprisal,81,0.056505516835974406,4.434014378472747,0.0572151803001416,4.478964662587917
infants,Surprisal,82,0.04641387125960481,4.482304242455777,0.0492473928106276,4.585222125542035
infants,Surprisal,83,0.151008380416292,4.37183024019105,0.166654922783445,4.47366282696882
infants,Surprisal,84,0.28891234029385904,3.932025673377998,0.2885238644141933,3.9650949560198434
infants,Surprisal,85,0.3543014373075809,3.7868012524770553,0.3486106448777481,3.9794598743338048
infants,Surprisal,86,0.1871192975413932,4.15841627427651,0.1862669034476557,4.225758045881514
infants,Surprisal,87,0.21786108256474052,4.137084466885474,0.2049677425949053,4.183273861741409
infants,Surprisal,88,0.33129160753111064,3.8604886350563445,0.3315497494066595,3.893503366951546
infants,Surprisal,89,0.193207608612283,4.144286905434156,0.1945926980034812,4.280822384058664
infants,Surprisal,90,0.02913954450140279,4.4180347982376,0.0298291050856698,4.627960222658998
infants,Surprisal,91,0.3348925739707503,4.362096640546227,0.3290828362256399,4.549785132602214
infants,Surprisal,92,0.06032487729238092,4.370049796357031,0.0569826887426313,4.687783767726747
infants,Surprisal,93,0.34357260798087436,4.362096640546227,0.3345862882257268,4.38203526057901
infants,Surprisal,94,0.04512115063331531,4.37719519719079,0.0481435824193004,4.5237772998808445
infants,Surprisal,95,0.19230395427412353,4.362096640546227,0.1902529504019608,4.431118043514014
infants,Surprisal,96,0.03507308811079856,4.452481407834711,0.0376292181765368,4.593437445775767
infants,Surprisal,97,0.2268363190172549,4.362096640546227,0.2445043251269169,4.264380993700955
infants,Surprisal,98,0.0673912999656039,4.382221785406778,0.0685504983439276,4.532660874574824
infants,Surprisal,99,0.21220779258190295,4.362096640546227,0.2064056456330453,4.525506841674256
infants,Surprisal,100,0.07307839972164282,4.3988764179789746,0.0705010596282917,4.536904567968947
infants,Surprisal,101,0.15610494021541874,4.362631159246921,0.1537347604589394,4.410245926510013
infants,Surprisal,102,0.17977335448039958,4.191993376257259,0.1805104210074711,4.29783246179403
infants,Surprisal,103,0.4292451527552595,3.6692392977406882,0.4346292172046072,3.6011901409370943
infants,Surprisal,104,0.20921860718014848,4.133025022620543,0.2001961364731476,4.20161452227511
infants,Surprisal,105,0.12724419004120924,4.361421563473595,0.118591697134791,4.38022959876719
infants,Surprisal,106,0.1355439836284861,4.232702509923676,0.1352046849367174,4.305899623399496
infants,Surprisal,107,0.10243481800177748,4.310832249395862,0.0989596754563735,4.4542416718582585
infants,Surprisal,108,0.0797780258904675,4.390174510770581,0.0910146348856259,4.661185033786111
infants,Surprisal,109,0.03907082739822046,4.411597804752963,0.0453034816204425,4.4011879616327425
infants,Surprisal,110,0.05117427274532142,4.402445934814625,0.0557759093349179,4.691653870726886
infants,Surprisal,111,0.039533112185696655,4.39949721625426,0.0357638112425781,4.496319173550037
infants,Surprisal,112,0.13961440984806173,4.370213427333386,0.1448593151358489,4.772471217945708
infants,Surprisal,113,0.10098388324400853,4.380326486025941,0.1104759721248356,4.338861224794114
infants,Surprisal,114,0.20684932770944542,4.145171898977884,0.2094512598172742,4.166109197498095
infants,Surprisal,115,0.2633444515893428,4.045126024539198,0.2609424127004385,4.053235885649224
infants,Surprisal,116,0.15315828304624676,4.2491123044158385,0.1555788617877205,4.3366027839909025
infants,Surprisal,117,0.04656707114622202,4.451061487328051,0.0466523203663352,4.562154704947952
infants,Surprisal,118,0.11705629062257512,4.307235106901152,0.1132677875773649,4.361275814456916
infants,Surprisal,119,0.06657889844290174,4.458110968319495,0.0615476247266345,4.497212473571795
infants,Surprisal,120,0.3633496472877871,3.7903926035140993,0.3586817064217779,3.827139890287002
infants,Surprisal,121,0.46635780224871565,3.516008382980467,0.4648755278972348,3.671832317885077
infants,Surprisal,122,0.2344438527793883,4.069740331546546,0.2250994654244214,4.148765509183802
infants,Surprisal,123,0.21368353844893626,4.1143095890412225,0.2097249618493184,4.165373120048746
infants,Surprisal,124,0.2126118106973854,4.1439099773249435,0.2105998788695035,4.235027895465057
infants,Surprisal,125,0.23191023098906835,4.096008409796819,0.2420278739555657,4.04673575505236
infants,Surprisal,126,0.20605158422876052,4.367287832463186,0.2041210121980344,5.056058207504649
infants,Surprisal,127,0.14730875786875386,4.365440576225493,0.1473322269600884,4.435588243607309
infants,Surprisal,128,0.2757002516509363,4.362096640546227,0.273962843692469,5.155228661436976
infants,Surprisal,129,0.23317650749906904,4.362406479398606,0.241033219706582,4.445449699689644
infants,Surprisal,130,0.04744551269298471,4.477278616122033,0.0384379833718058,4.557649938067662
infants,Surprisal,131,0.3539915805056975,4.362096640546227,0.3528252815585334,4.331571420766406
infants,Surprisal,132,0.23297417090004316,4.0666363126785,0.2225888663256822,4.249247909017071
infants,Surprisal,133,0.023789444811702764,4.414519433521491,0.0224824036634578,4.59727587200011
infants,Surprisal,134,0.034254049837570896,4.448833440450643,0.0358011182001408,4.573281401960712
infants,Surprisal,135,0.03670486597876257,4.445367353350678,0.0322740768203224,4.49908805976194
infants,Surprisal,136,0.3542955542344779,3.8666837278431183,0.3549022577868116,3.809986002592861
infants,Surprisal,137,0.05358080026248647,4.421215815241596,0.056759193675299,4.500898174950152
infants,Surprisal,138,0.24914967905426533,3.996688451639197,0.2445055325569284,4.151638383531848
infants,Surprisal,139,0.4108368154732864,3.6530530820131752,0.4142969849201534,3.6067707076314073
infants,Surprisal,140,0.250997048287882,4.008170871838452,0.2540828303824372,3.968025264946784
infants,Surprisal,141,0.3317204411830339,3.8364912605087387,0.3219124003282574,3.955799158633947
infants,Surprisal,142,0.22273329115441365,4.12303309156121,0.2183399385672703,4.120234544711668
infants,Surprisal,143,0.19107521340756206,4.224767500322256,0.1854029280435454,4.1621197217593595
infants,Surprisal,144,0.053712120502614764,4.423451804637572,0.0535960796451735,4.541247602535109
infants,Surprisal,145,0.029627633366918902,4.404067469160433,0.0329305977630159,4.46355378779833
infants,Surprisal,146,0.05286651415399959,4.367632360456518,0.0522835498395742,4.621191092882303
infants,Surprisal,147,0.18887473877051966,4.3621420020935595,0.1896387831105382,4.38594856060823
infants,Surprisal,148,0.05066745099418249,4.402893409531266,0.0500265884526192,4.4878985934140605
infants,Surprisal,149,0.042418276300874885,4.39910206915012,0.0448955323023124,4.36857512118841
infants,Surprisal,150,0.21346249310038587,4.114830776520531,0.2143848288193343,4.275214444200057
infants,Surprisal,151,0.05316694188538904,4.3676193082054535,0.0511284635820823,4.3093796282187835
infants,Surprisal,152,0.059091085951112635,4.380426889277535,0.0624291950362456,4.476355450896789
infants,Surprisal,153,0.1607436367304983,4.362198731115876,0.1576310090534932,4.47632125909356
infants,Surprisal,154,0.08107098991818872,4.383973194813848,0.0785222827107669,4.791476465684572
infants,Surprisal,155,0.24190211443920562,4.362096640546227,0.2436641059599438,4.316070069073442
infants,Surprisal,156,0.19598540508455883,4.156247021277299,0.1938238353726031,4.214882913186467
infants,Surprisal,157,0.19843140001966322,4.120479008737849,0.2000617056936571,4.284372255735371
infants,Surprisal,158,0.19841729718358647,4.1175622515477555,0.1889730208170424,4.285602604117109
infants,Surprisal,159,0.11270869766622002,4.336613978670433,0.1037017552209423,4.3788935823879624
infants,Surprisal,160,0.17711687763765532,4.181785029394879,0.1689848840132084,4.232146631586821
infants,Surprisal,161,0.17615240263793858,4.249444140855732,0.1751222285971573,4.334956302109584
infants,No Learning,1,0.04553989655978432,4.437676951017377,0.038911246730595,4.4677255842705454
infants,No Learning,2,0.04861117321171484,4.433578218063915,0.0435514318256777,4.396763149357063
infants,No Learning,3,0.14060757411403949,4.362216313993599,0.1453236531329834,4.392492319752724
infants,No Learning,4,0.10180690941307992,4.36053180310709,0.0942897215532385,4.413152559930751
infants,No Learning,5,0.05993916280470813,4.408384461953471,0.0584708296466639,4.616601222475795
infants,No Learning,6,0.05957617561824228,4.374926431583646,0.0616776557309023,4.321699085421148
infants,No Learning,7,0.19418687946498647,4.305901017393419,0.1907366472814646,4.523678517307257
infants,No Learning,8,0.14533136401063743,4.263229719498579,0.1412378585148028,4.289144811905242
infants,No Learning,9,0.05638949319622231,4.460759792593243,0.0537017987736492,4.513250149410821
infants,No Learning,10,0.08842906739665274,4.329726076147235,0.0918955874275429,4.3771856622253456
infants,No Learning,11,0.15633750778699526,4.362508106277679,0.1493261330216156,4.511701462515365
infants,No Learning,12,0.03382565649754626,4.4258267379306675,0.0334131726094868,4.494164009885153
infants,No Learning,13,0.040042512360632096,4.456943873381021,0.0340651069866936,4.563437869771571
infants,No Learning,14,0.03902864760514963,4.424896433536902,0.033795272275032,4.51739600195606
infants,No Learning,15,0.05391162271478458,4.395483378984706,0.0446569770789945,4.484164035664263
infants,No Learning,16,0.025574807603381995,4.444074447234317,0.0226445463998598,4.530662146238661
infants,No Learning,17,0.061843274039571676,4.40400259119915,0.063723320458834,4.403038421314385
infants,No Learning,18,0.023178646433503567,4.411422501154277,0.0187529928842718,4.405643707761438
infants,No Learning,19,0.04659294061058056,4.492052970879868,0.0469591744968809,4.503693461879405
infants,No Learning,20,0.08536284084406585,4.3662522019675265,0.0885562689299572,4.468845671819973
infants,No Learning,21,0.12516561210599364,4.3994747292003,0.1203679397254062,4.5289357836532265
infants,No Learning,22,0.04728800465854716,4.466442199990085,0.0414496527598751,4.516205084180931
infants,No Learning,23,0.04395944107882168,4.483703695290337,0.0442108083423189,4.478005363403459
infants,No Learning,24,0.039916884299529255,4.41600777264608,0.0311563255506893,4.448457180228221
infants,No Learning,25,0.07393120948699217,4.370712604091472,0.0767955987371912,4.518973453091369
infants,No Learning,26,0.14170585761634663,4.251015395462377,0.1361400004783141,4.320104933260961
infants,No Learning,27,0.03554566173020924,4.439141628202719,0.0284112056119668,4.505391479425226
infants,No Learning,28,0.13896113170708219,4.241786657283739,0.1385249602000822,4.2373562777659695
infants,No Learning,29,0.027742666863560257,4.440643924402972,0.025501264296766,4.606331874094014
infants,No Learning,30,0.08094452861422502,4.367728357835982,0.0836472656515325,4.387109376535924
infants,No Learning,31,0.04770702349962174,4.451587870714081,0.0414385530516264,4.332771302334281
infants,No Learning,32,0.04923977930282022,4.391984315261376,0.0412033572234169,4.462741121657196
infants,No Learning,33,0.0758701846426032,4.385629123257657,0.0768717370916403,4.375356564000327
infants,No Learning,34,0.03185132207656856,4.43499366138268,0.0313332213781811,4.497235623902319
infants,No Learning,35,0.03315490034053955,4.422069832328359,0.0294272256525805,4.447402594796063
infants,No Learning,36,0.05021453260714262,4.414144465012248,0.0466416723930223,4.493438160466736
infants,No Learning,37,0.039530431086508416,4.461087464794399,0.0469946826462298,4.499669287248583
infants,No Learning,38,0.15341695330163957,4.365160865030062,0.1487580316182009,4.442375725958533
infants,No Learning,39,0.06357255003559624,4.4391078530036125,0.0632383616211255,4.495316568729278
infants,No Learning,40,0.10422493528799036,4.3980640912816265,0.114147979359827,4.5260316011383415
infants,No Learning,41,0.06547096980261971,4.404997698353505,0.0605222137192006,4.463339627416732
infants,No Learning,42,0.05698067036758794,4.500224789702889,0.0592171617719254,4.624475119920095
infants,No Learning,43,0.0349904399437353,4.44705739936198,0.0287307897048827,4.473878621981856
infants,No Learning,44,0.0227769443661715,4.396447727175741,0.0213212428485034,4.431313969430228
infants,No Learning,45,0.03804405671464305,4.393686791976762,0.040766643281465,4.422464589550006
infants,No Learning,46,0.12571451537608344,4.370703513189869,0.1237335213216321,4.338345110563879
infants,No Learning,47,0.05698557557856107,4.417390326275058,0.0567466933530067,4.5224263574963315
infants,No Learning,48,0.10249727557179178,4.428752562929958,0.0986753274913204,4.41431833999921
infants,No Learning,49,0.08954157062488406,4.318470057868975,0.0841274331957367,4.412344490650067
infants,No Learning,50,0.02720537045687259,4.439431275607019,0.032018180865536,4.484557646630891
infants,No Learning,51,0.13771210877837842,4.365099935730978,0.1344202203849731,4.470124544862065
infants,No Learning,52,0.03376536133279,4.405557710829526,0.0316651379741034,4.413855894027583
infants,No Learning,53,0.05537648745948664,4.4500686741222815,0.058017953129182,4.4510552915387835
infants,No Learning,54,0.2962768283849224,4.362096640546227,0.2951459445293429,4.41255058002028
infants,No Learning,55,0.029613722138853403,4.422242312491488,0.02674799476613,4.44878191183872
infants,No Learning,56,0.03412562797076528,4.4219597585904244,0.0382125426254499,4.610683028417526
infants,No Learning,57,0.03569985849536787,4.411400270971394,0.0357193373291444,4.428959642270647
infants,No Learning,58,0.02527887006523171,4.423675231191888,0.0242607837505438,4.526048332219688
infants,No Learning,59,0.07783399215481358,4.371218622502496,0.0778557166525356,4.4352310183555534
infants,No Learning,60,0.13653513349764837,4.3630106591326925,0.1430631433463905,4.61731034843542
infants,No Learning,61,0.08684153568516237,4.459893900025775,0.0870515237564066,4.594901789795467
infants,No Learning,62,0.028406821718454607,4.424186147038158,0.0285297240587706,4.490370905506144
infants,No Learning,63,0.04681463177420673,4.468176419719693,0.0585094774231833,4.604473596023847
infants,No Learning,64,0.043636598309756094,4.47972094812583,0.0391016623230546,4.55417865496282
infants,No Learning,65,0.05075083825584269,4.37699125000692,0.0483831823673403,4.424261913051248
infants,No Learning,66,0.09813249077527156,4.371127517296207,0.0892284251856224,4.560875843945009
infants,No Learning,67,0.03219219995646193,4.420362381836393,0.0315026620840565,4.481630232230371
infants,No Learning,68,0.04822110174582034,4.374938261602812,0.0557788230220933,4.451294834271294
infants,No Learning,69,0.1148471876776653,4.379314996058234,0.1096448849246628,4.371747820016928
infants,No Learning,70,0.05876461554385107,4.385645857558398,0.0653493545376107,4.408660411126626
infants,No Learning,71,0.054914010373406666,4.401123881346729,0.0497148998425085,4.398087388891827
infants,No Learning,72,0.26015233405418386,4.362096640546227,0.2655354820068479,4.447517965624154
infants,No Learning,73,0.043991935923720034,4.418982437494623,0.0526605797971677,4.458477787402814
infants,No Learning,74,0.036970460657002185,4.452955210875554,0.0409971817776673,4.535230532205825
infants,No Learning,75,0.0328984478356763,4.431554236011354,0.0350424321948731,4.429462558908908
infants,No Learning,76,0.01905365083838865,4.416536987794955,0.0173398923357844,4.461033778688262
infants,No Learning,77,0.031363637650304574,4.4474350662934965,0.0299164745239355,4.598522707866518
infants,No Learning,78,0.03158791034578446,4.4392285429092295,0.0273343806001189,4.542243010315304
infants,No Learning,79,0.123474207681648,4.266128396310388,0.1185404451218109,4.308811037184743
infants,No Learning,80,0.023736806814057206,4.391844511061162,0.0242103603299388,4.42957392529666
infants,No Learning,81,0.023034701566787063,4.421814531843811,0.0190098252103273,4.409139803675014
infants,No Learning,82,0.05857466313044998,4.442902141310457,0.0562125590393761,4.505299338332682
infants,No Learning,83,0.07976628399668381,4.3926282912770285,0.0809384754798295,4.48088794215127
infants,No Learning,84,0.07017743956483292,4.393436802639542,0.0759045737356307,4.452825703473403
infants,No Learning,85,0.037701708169326054,4.465121995780965,0.035152433491387,4.457404983882128
infants,No Learning,86,0.04077861828125326,4.457512843632832,0.0419815705266573,4.52011233393657
infants,No Learning,87,0.11774124363406813,4.381239299308393,0.1093960226334452,4.410121554172196
infants,No Learning,88,0.05644388498831863,4.363323313611514,0.0523795439468567,4.418652793505037
infants,No Learning,89,0.03617457307977757,4.456368076706126,0.0394789089067789,4.6235064138179744
infants,No Learning,90,0.023474840764932704,4.414381918059349,0.0259815038844946,4.5295008815508755
infants,No Learning,91,0.09810518671152574,4.361608161972673,0.1005240581021988,4.372695239439586
infants,No Learning,92,0.060015726921285976,4.413114948052888,0.0569738884428257,4.433300714242179
infants,No Learning,93,0.07251619677933427,4.415844706930099,0.0682240018232154,4.419875471482101
infants,No Learning,94,0.03662410986083642,4.408774699497947,0.0418604991266499,4.472365035533091
infants,No Learning,95,0.044025677827815315,4.440975062379984,0.0457255931842083,4.493303684990855
infants,No Learning,96,0.11827556032790397,4.34166299516766,0.118412293187547,4.32403272605927
infants,No Learning,97,0.0419153171609249,4.469941766662094,0.0372303805598017,4.454879829884241
infants,No Learning,98,0.1926297289934979,4.367788736535308,0.1960021265834447,4.4363605042349805
infants,No Learning,100,0.07806290595676378,4.396758798046664,0.0804223333947511,4.443101876452928
infants,No Learning,101,0.032208924067376896,4.400068586726613,0.0275757378877884,4.3402204882116555
infants,No Learning,102,0.05052597774332044,4.397594860384338,0.054781524985749,4.395623395519664
infants,No Learning,103,0.06718825444819798,4.399835767181525,0.0564424011910959,4.457942263539675
infants,No Learning,104,0.07463383452057797,4.3863540691138105,0.0674742763603594,4.483972743670352
infants,No Learning,105,0.031223491467482236,4.429509217466662,0.0324333837367365,4.499926757406133
infants,No Learning,106,0.0577755118278294,4.39111651784977,0.0566472242210406,4.564190341345412
infants,No Learning,107,0.039648747493313145,4.487722580260992,0.0510580222102914,4.579096987805944
infants,No Learning,108,0.022434726994375338,4.403467255347167,0.026497912832648,4.544346098077096
infants,No Learning,109,0.12384588267355996,4.36210084398903,0.1213628299897617,4.329791450562563
infants,No Learning,110,0.04884815301083695,4.491134705114767,0.0509747664553567,4.553100237463288
infants,No Learning,111,0.03057600147015889,4.40665734286282,0.0334966976345372,4.564107012263904
infants,No Learning,112,0.03342195311701778,4.434368029003529,0.0316690788368353,4.440288310605501
infants,No Learning,113,0.03872574083972158,4.457224135783384,0.0371775369562424,4.51744255046796
infants,No Learning,114,0.032515737292294136,4.399387518132878,0.0364747945023541,4.442638228033668
infants,No Learning,115,0.04599594171319455,4.479486991660635,0.0412582597738316,4.554584253220184
infants,No Learning,116,0.04662484765591632,4.3948602573503,0.0517065847543673,4.392912637502156
infants,No Learning,117,0.034303546404546935,4.434497401190104,0.02618731574004,4.421673087892602
infants,No Learning,118,0.12096839629997111,4.373310809474377,0.1168955136267338,4.427587870010943
infants,No Learning,119,0.02112165272798596,4.4148258719671745,0.017105798814251,4.485697693787351
infants,No Learning,120,0.0788346181830693,4.4061177296944205,0.0847155787955366,4.377904101284472
infants,No Learning,121,0.052612803892590564,4.489167460242915,0.0605504302092637,4.610651536430618
infants,No Learning,122,0.06256784354914904,4.397130710831725,0.0542553609387604,4.452819702436374
infants,No Learning,123,0.2147476232516211,4.090945114447851,0.2053105401432005,4.14154878526972
infants,No Learning,124,0.03405304690217162,4.423404987947241,0.0348141548762205,4.488220493581942
infants,No Learning,125,0.02417340577757896,4.426572104804404,0.0237028574630419,4.567186681300731
infants,No Learning,126,0.045811589895353964,4.450795510384783,0.0447131958565684,4.585589657886914
infants,No Learning,127,0.04318840998169478,4.487398501211636,0.0428632917144723,4.458792734039042
infants,No Learning,128,0.035036606200213385,4.459531460793689,0.0327069126634949,4.663961013853666
infants,No Learning,129,0.022596516462188493,4.4203520826457,0.0261200752262521,4.518736795225998
infants,No Learning,130,0.13052134315511751,4.300051330195332,0.129140286940507,4.365153673352051
infants,No Learning,131,0.038303978521409834,4.442997631064042,0.0365930549093781,4.4503813932183185
infants,No Learning,132,0.09370115962958807,4.4554637321564,0.0828741788291737,4.463488144004745
infants,No Learning,133,0.08299504475976674,4.4471904841906165,0.0856672395351263,4.536593485583363
infants,No Learning,134,0.10245552752415792,4.362798491389952,0.105883775112265,4.406679628554341
infants,No Learning,135,0.041026780844764375,4.427734393075295,0.0337501770336635,4.4477168148494926
infants,No Learning,136,0.030439582690220526,4.427144094309423,0.0269465783099352,4.617139251054716
infants,No Learning,137,0.08280175195835383,4.350027304660529,0.0833565604176839,4.516043758230347
infants,No Learning,138,0.06767001534744922,4.4113533980937705,0.060331576430919,4.468273744552578
infants,No Learning,139,0.03919637996608081,4.44365706860182,0.035373639525748,4.425344081871001
infants,No Learning,140,0.02250723066552295,4.409614006897449,0.0197935490857101,4.498371814407007
infants,No Learning,141,0.023933226737726354,4.425282897367453,0.0243688841056294,4.434359706973651
infants,No Learning,142,0.03487989169854212,4.398769396154315,0.0382222378693387,4.598204386081357
infants,No Learning,143,0.14124499621001205,4.363530963126867,0.1517989866784875,4.452099837411664
infants,No Learning,144,0.032730056594882324,4.456464246463626,0.0313988375522456,4.528443909127224
infants,No Learning,145,0.0293599567146292,4.434885336525678,0.0330423372152932,4.478945363127034
infants,No Learning,146,0.08888367223206106,4.40621401453249,0.0807322579317236,4.446150495841002
infants,No Learning,147,0.02767448975989256,4.406498878397769,0.0340222496203641,4.4706753563075825
infants,No Learning,148,0.11389621674484417,4.363435125936591,0.117450175380145,4.5122373456216005
infants,No Learning,149,0.03373384413031637,4.453931422938537,0.0303228319724098,4.390860337582856
infants,No Learning,150,0.06335159798920648,4.430078552171437,0.0646227757356273,4.463857842879584
infants,No Learning,151,0.06087066745538238,4.3959332244465426,0.0656425606639333,4.463851973367834
infants,No Learning,152,0.11152172592789925,4.289198944185066,0.1110530709652884,4.417868145434648
infants,No Learning,153,0.024081522750063842,4.417772385191345,0.0232424564512957,4.474695737107468
infants,No Learning,154,0.17664152806406436,4.259933384887937,0.178723879081711,4.137141657788514
infants,No Learning,155,0.1430680401355011,4.229942287084141,0.1535771157379886,4.134689675132421
infants,No Learning,156,0.05964479310362537,4.472468172026302,0.0477406297794313,4.553747237373408
infants,No Learning,157,0.17015814257751047,4.3109502463089635,0.1788544931408015,4.353982573500049
infants,No Learning,158,0.027517294223544004,4.409113789598423,0.0303806573630414,4.51471041024792
infants,No Learning,159,0.048943422877867154,4.415902375039935,0.0581573207152295,4.540911734228978
infants,No Learning,160,0.13192160924439578,4.274971058701686,0.1201469112254903,4.317343790864512
infants,No Learning,161,0.02097971423489973,4.411938402941369,0.0197863536588407,4.406776102281171
infants,No Noise,1,0.17883137337151944,4.221528908936324,0.1837504094660491,4.159927739998015
infants,No Noise,2,0.31789293728152046,3.8592674119406682,0.3234803144495309,4.013855487807245
infants,No Noise,3,0.21436454169575456,4.141444739989166,0.2219789785234411,4.15312066989862
infants,No Noise,4,0.22087561871744144,4.11482596332512,0.2301423299033939,4.111163083489758
infants,No Noise,5,0.14755934016284997,4.278197009133268,0.1467307501466867,4.302091007530737
infants,No Noise,6,0.22433427460505986,4.092403901427485,0.2323986618908544,4.121331504096366
infants,No Noise,7,0.20539899940022288,4.145405273169894,0.2094460897361112,4.172705252144946
infants,No Noise,8,0.24613327983018782,4.080431622245904,0.2476881357337739,4.063156829117639
infants,No Noise,9,0.2019204646651737,4.151400118397429,0.2114622970488972,4.093532800965267
infants,No Noise,10,0.17721343244553342,4.183530314159121,0.1788817508155406,4.214100903437206
infants,No Noise,11,0.18274945039089607,4.198493393457305,0.1848767806617065,4.3245151144267595
infants,No Noise,12,0.20153047468449192,4.234576376379371,0.2041729236036714,4.284266767195655
infants,No Noise,13,0.159657325954813,4.2915285167760615,0.168515943390088,4.217158526881393
infants,No Noise,14,0.19692593967094418,4.184982155561642,0.2051621764938974,4.250280560805293
infants,No Noise,15,0.18247128861050174,4.188103363669674,0.1816720314169119,4.252152892466529
infants,No Noise,16,0.151982887893274,4.271558149010835,0.1546346393473742,4.268872913572006
infants,No Noise,17,0.17117782925415143,4.251180610257183,0.1731576248029262,4.247337431245727
infants,No Noise,18,0.19686881088412503,4.113486480336956,0.2000017644526444,4.096903293170202
infants,No Noise,19,0.11533419371555116,4.289583284314417,0.1199249946499773,4.320919506868637
infants,No Noise,20,0.24925995271514012,4.044810027287488,0.2542324249762844,4.088047644450329
infants,No Noise,21,0.18188995722383164,4.2523710091395195,0.1790262305139323,4.263705451135076
infants,No Noise,22,0.15619628511305547,4.273846510844675,0.165206480214964,4.387292184987184
infants,No Noise,23,0.11670245289501541,4.316327850209268,0.1204852853460716,4.353523011461377
infants,No Noise,24,0.2964365875314344,3.980936370183674,0.3004019919852827,4.167060739575319
infants,No Noise,25,0.21659683145571854,4.125962488940282,0.2249727545661989,4.108499932044604
infants,No Noise,26,0.2257539230160689,4.083519312885962,0.2292759622361322,4.02110434911954
infants,No Noise,27,0.1244054262466014,4.269974408574114,0.1312101945957694,4.309711955576039
infants,No Noise,28,0.24920592300723943,4.065197548936141,0.2493704544017817,4.0522218631382465
infants,No Noise,29,0.20505277098544508,4.141700440500399,0.2098194513024036,4.209776438611041
infants,No Noise,30,0.23726079278024212,4.103546572692789,0.2377889016894785,4.211466790556483
infants,No Noise,31,0.1466691907409261,4.355217053881833,0.1488635583352197,4.333052846426937
infants,No Noise,32,0.14035083262371142,4.268348617216281,0.1506084584616099,4.159883411489442
infants,No Noise,33,0.11608705745593927,4.358424381078456,0.1258274877214226,4.443963670418022
infants,No Noise,34,0.2036094960528145,4.177914502645782,0.2064219622438563,4.238403650348985
infants,No Noise,35,0.211253709203081,4.180237122162786,0.2153900231174972,4.243536573962658
infants,No Noise,36,0.20061421476839172,4.211042585994886,0.2116834241316251,4.29430444285146
infants,No Noise,37,0.1602975390317192,4.262697603353238,0.1656956885348732,4.226238582185368
infants,No Noise,38,0.2147882819836558,4.102533309109913,0.223074787035729,4.289685560838673
infants,No Noise,39,0.27630475628200846,4.080931950874182,0.2788896719850358,4.262928633104347
infants,No Noise,40,0.18223703406830702,4.189333443442281,0.1858957881028763,4.247192652351747
infants,No Noise,41,0.17540492403565328,4.191215979663138,0.1754688982239603,4.265665454246582
infants,No Noise,42,0.17257716876276757,4.174480213197308,0.1733162458308883,4.236020309714444
infants,No Noise,43,0.24997251199022963,4.054680698487272,0.2503972812906396,4.115841579246528
infants,No Noise,44,0.20536500130491123,4.145169928350466,0.2144382407734646,4.2517954808565355
infants,No Noise,45,0.18404623282828061,4.190624767008433,0.1740558964928154,4.298411503631515
infants,No Noise,46,0.17252073418570468,4.283712807328073,0.1772272905039001,4.451199090661739
infants,No Noise,47,0.2425574929348501,4.100667482531866,0.2533268854827137,4.101332211751527
infants,No Noise,48,0.29507894741982293,3.9730354023665746,0.2966881967592089,3.8748512746899775
infants,No Noise,49,0.14237474429492475,4.3250463125908265,0.1445121815096171,4.389658689997377
infants,No Noise,50,0.2185085976201386,4.171350905232081,0.2148292498810482,4.230392636409313
infants,No Noise,51,0.09883924442495771,4.374964506063529,0.0984549098209504,4.3232749463475395
infants,No Noise,52,0.21935733554800124,4.120976265059676,0.2280115078356243,4.19766534643257
infants,No Noise,53,0.12983762798942772,4.290338188860137,0.1393217812165302,4.428319331946441
adults,EIG,0,0.8697748290543177,149.39955138610483,0.871815782402855,241.320609640969
adults,EIG,1,0.8647527249122607,152.2527515078865,0.866501775389842,227.313536674419
adults,EIG,2,0.8901471315131033,137.22088995789312,0.894007506022566,214.352180590198
adults,EIG,3,0.8807092115439746,142.99403184220813,0.883864412923866,238.879990320546
adults,EIG,4,0.8792728736371032,143.8564439751523,0.884829049399746,233.129238873791
adults,EIG,5,0.8983074881908079,132.02097915949736,0.899851298636816,238.412410726873
adults,EIG,6,0.8701177718920958,149.20013964226817,0.871724360699509,249.09353579718
adults,EIG,7,0.8774226190525293,144.95012502772155,0.879104704990342,198.64571588793
adults,EIG,8,0.885536732533934,140.06867143831096,0.889376413880149,246.840536858435
adults,EIG,9,0.88264936842213,141.83270637139344,0.886568624054481,205.043899466187
adults,EIG,10,0.8768520260169675,145.2922746834403,0.881931943250372,221.956867810197
adults,EIG,11,0.8910759108939618,136.6374671658651,0.893725628531693,225.942620683013
adults,EIG,12,0.8755982607139917,146.0203687790463,0.877104121178462,206.745539068506
adults,EIG,13,0.8761972516389127,145.67159390956522,0.877918281482882,235.038009936036
adults,EIG,14,0.878175456429623,144.5089397009094,0.882984787750636,220.63672241467
adults,EIG,15,0.893486907949855,135.12065205286657,0.896769177656646,184.138686537504
adults,EIG,16,0.888948636925575,137.96811965681871,0.89233561885295,195.694016203876
adults,EIG,17,0.8960338373929823,133.48974080554925,0.897804615727492,193.398330639173
adults,EIG,18,0.8663086817175156,151.3723551869076,0.868467652659382,234.421587241322
adults,EIG,19,0.8667165211134202,151.14447817341437,0.867991874763514,223.921837708946
adults,EIG,20,0.8803637632756601,143.2005707682246,0.884411663805057,189.835291580737
adults,EIG,21,0.8934226002846148,135.15677169232043,0.895295261164495,216.909817612606
adults,EIG,22,0.8769201148142419,145.24693637497074,0.881239029570074,261.620107981914
adults,EIG,23,0.884805186244979,140.51766851077878,0.887480732545733,230.358232537119
adults,EIG,24,0.8752276439439375,146.23944821727466,0.87713589463024,225.749710391395
adults,EIG,25,0.8687708951880474,149.97607625538112,0.871004919527412,217.19392038083
adults,EIG,26,0.8841354966692258,140.92794200910697,0.888152363100807,227.846218317827
adults,EIG,27,0.8943974611578035,134.5356983641437,0.896806900393288,240.680449856463
adults,EIG,28,0.8841861692817844,140.8973185871156,0.887889122098492,209.989888914035
adults,EIG,29,0.8858682222759263,139.8702727416796,0.88916867084408,195.907384726529
adults,EIG,30,0.8684007239319483,150.18579119147802,0.870490506302908,191.876954769889
adults,EIG,31,0.8686397538413405,150.05164231579388,0.870500988859458,226.63637123228
adults,EIG,32,0.8903005414692771,137.12048288743986,0.892797591598124,187.474104521908
adults,EIG,33,0.8953809898270059,133.9088927899319,0.897389344015839,177.747973237942
adults,EIG,34,0.8793774099257745,143.78882362733137,0.884128525107123,196.893688318915
adults,EIG,35,0.8915607569594779,136.33640625083945,0.894670955291804,235.188027663704
adults,EIG,36,0.8622573922346265,153.64795835406224,0.8645867044757,200.411667656034
adults,EIG,37,0.8624137141095212,153.56134374461695,0.864285212304797,244.840783736388
adults,EIG,38,0.8645938036619991,152.35239983966122,0.871009382173427,242.236014928728
adults,EIG,39,0.8959128870438772,133.56546473698756,0.897347197405034,234.42332714647
adults,EIG,40,0.8688331912284363,149.94216652995473,0.874048185618555,183.587132770817
adults,EIG,41,0.889948266142515,137.34149254183572,0.892736313730243,253.943610225095
adults,EIG,42,0.8694719220940731,149.57106613086,0.871487213206319,272.16847186329
adults,EIG,43,0.8669445439940959,151.01337978057435,0.868604986665978,202.285248133949
adults,EIG,44,0.87349440459882,147.25859960350562,0.87877706702108,183.227234666538
adults,EIG,45,0.8913458077783978,136.46788771602104,0.893549152029527,198.130987722656
adults,EIG,46,0.8756916712695686,145.97127637241982,0.879707650830066,242.66631560453
adults,EIG,47,0.8993840245719233,131.3214475101441,0.900766598637543,260.969050632176
adults,EIG,48,0.8725549433084203,147.79624919383215,0.873680436416601,222.111989979163
adults,EIG,49,0.8754181134184329,146.12929527627148,0.877421316904834,210.81722855219
adults,EIG,50,0.8853316424071886,140.19503632948457,0.889385832099553,245.699494124632
adults,EIG,51,0.8899780870507662,137.32778705127023,0.893119136926961,211.918062098651
adults,EIG,52,0.8847259651565608,140.5673946246821,0.888249493709688,208.651015586149
adults,EIG,53,0.8876689316222794,138.7586311121791,0.890188545935147,180.648300845408
adults,EIG,54,0.8702821207242449,149.10661816119736,0.872101319591116,223.369938118983
adults,EIG,55,0.8737183282638603,147.12121122617523,0.87474995083953,220.795039627937
adults,EIG,56,0.8903778221132389,137.07539599026978,0.894456450049931,204.676087790054
adults,EIG,57,0.8859307176500764,139.82687875918953,0.888668257532735,183.263345936508
adults,EIG,58,0.8884854316415681,138.25165887519842,0.891674942644656,194.257320524005
adults,EIG,59,0.87861464220525,144.24557858007017,0.882004525761146,237.737355454686
adults,EIG,60,0.8750618513940406,146.33522145619503,0.87708114074001,255.368475877383
adults,EIG,61,0.8772732659299592,145.037551661786,0.878698753600509,244.465319144102
adults,EIG,62,0.8900235938992946,137.29990446268843,0.894208140967979,206.515971569187
adults,EIG,63,0.8972436850283896,132.71138182732906,0.899282840637873,179.261113344702
adults,EIG,64,0.8882975457779814,138.3711138677919,0.892070059326924,211.482323521678
adults,EIG,65,0.8838434019955134,141.10242933225237,0.88717927073334,258.17634561472
adults,EIG,66,0.8674422195500372,150.73152230748835,0.86928251599042,262.219275691578
adults,EIG,67,0.8792477537225096,143.86636416497348,0.881043850449451,222.690470773727
adults,EIG,68,0.8752760568196848,146.21655465275003,0.879634509190259,234.324209858884
adults,EIG,69,0.8992952182314207,131.3800307643809,0.901467736284454,193.230919632273
adults,EIG,70,0.8851960782005537,140.28250257140988,0.889047847641076,185.056089918072
adults,EIG,71,0.888748319205868,138.09170973366895,0.891725488299357,254.35057499717
adults,EIG,72,0.8657718855368292,151.6757631630425,0.867298293235265,260.808187624929
adults,EIG,73,0.8690603936738458,149.80956492182062,0.870690550561701,265.183479224156
adults,EIG,74,0.8777338582318844,144.7655607790441,0.882339816031487,185.641954014268
adults,EIG,75,0.8942892961075211,134.60656295869063,0.897120117176627,249.620539989959
adults,EIG,76,0.8892371782808004,137.78610977397307,0.892656012568843,234.235233763972
adults,EIG,77,0.8894071878180227,137.67844485029997,0.891882259915135,213.048128219036
adults,EIG,78,0.8738771009869164,147.0269257737956,0.87623549398553,259.460396924
adults,EIG,79,0.8695661042344628,149.5219691125941,0.871105411656787,219.255235721963
adults,EIG,80,0.8883056739313774,138.368743313847,0.892156636331793,244.017500164231
adults,EIG,81,0.8870393972189247,139.14787218807174,0.889969270166376,241.934945089145
adults,EIG,82,0.8799470756871404,143.4518212528881,0.884518756079707,237.212554171738
adults,EIG,83,0.8860994554023363,139.72477561188464,0.88904408397983,231.609155377606
adults,EIG,84,0.8629973449277074,153.23714405372434,0.86490739854023,175.403317093004
adults,EIG,85,0.8806473018591032,143.03151867121576,0.882030432076342,231.359369028542
adults,EIG,86,0.8816276660561735,142.44014237297122,0.88537049595781,165.940388079025
adults,EIG,87,0.8965993186969091,133.12982335774632,0.899225921894746,175.654560149115
adults,EIG,88,0.877778182779888,144.7456364891721,0.882242485866463,238.726878982091
adults,EIG,89,0.8978988705708457,132.28813051638312,0.900615411952809,229.062540478091
adults,EIG,90,0.8542161183120114,158.06841752158925,0.856555959449034,242.863032172695
adults,EIG,91,0.8609229922064076,154.39201614247872,0.863419361757777,198.412417080946
adults,EIG,92,0.8618673842302605,153.87443590638932,0.868458595112384,218.790410329283
adults,EIG,93,0.8796005133236581,143.65493732417102,0.883623118770448,208.016681537447
adults,EIG,94,0.8700358267127793,149.25509845352096,0.875636333491485,181.254255080404
adults,EIG,95,0.8764923700321832,145.50401318186502,0.881442538565152,220.009540711501
adults,EIG,96,0.8587045555519214,155.61649899200316,0.860655063741163,262.461722684125
adults,EIG,97,0.8638829229648642,152.74063104792756,0.865221320916945,227.258402451154
adults,EIG,98,0.8826924468182173,141.79910468791607,0.887117678788299,190.958817550956
adults,EIG,99,0.8860041476896074,139.78094692342955,0.888213764326155,243.576414075264
adults,EIG,100,0.8759227987328171,145.83200352310075,0.880220747061286,218.243827108195
adults,EIG,101,0.883084024126305,141.56156146497446,0.886253456210122,211.850460885934
adults,EIG,102,0.8677594249932643,150.54973805396224,0.86923548136612,199.842885450745
adults,EIG,103,0.8738252465775657,147.06022466274115,0.875614851743083,229.970631091207
adults,EIG,104,0.8850843155132904,140.3467530876272,0.888216195493378,235.007370573457
adults,EIG,105,0.8906416955588802,136.9090597078617,0.89317257404527,233.143285574339
adults,EIG,106,0.8823497831884366,142.00861621292188,0.885821736277307,229.349652606835
adults,EIG,107,0.8969116204284222,132.92773567776325,0.89935070139219,230.877307534577
adults,EIG,108,0.877550250932172,144.8692166869056,0.879427358601975,248.62414364266
adults,EIG,109,0.8742988256306431,146.78339647450935,0.87541305469068,214.099691482658
adults,EIG,110,0.8788734394136871,144.0926818442683,0.883571161485341,194.82947295237
adults,EIG,111,0.8926173197962152,135.6679404096436,0.8949900868106,169.310995433582
adults,EIG,112,0.8829691126396318,141.63508609370538,0.887352743569686,217.377440076219
adults,EIG,113,0.8927017201967915,135.61587648599215,0.895223055395563,206.396012349248
adults,EIG,114,0.8837296447075574,141.16776126129676,0.885459370922574,295.886398190364
adults,EIG,115,0.880066516343344,143.3787161516447,0.881367499385346,294.044639016467
adults,EIG,116,0.8668139732239404,151.12291602852503,0.874993786705175,254.538809066962
adults,EIG,117,0.8974500640299503,132.57811134464276,0.899993718274518,222.979245451894
adults,EIG,118,0.8850412478147018,140.37100958297628,0.88854358096269,199.465696226032
adults,EIG,119,0.8788595495992996,144.1140055436117,0.883309699293638,269.916313646519
adults,EIG,120,0.8749904175206917,146.37866461424878,0.876688474828992,240.777584250279
adults,EIG,121,0.872365895817713,147.90827850613258,0.874304988715026,217.446239439865
adults,EIG,122,0.8912787656849654,136.51532868322346,0.895145194240889,259.785348058674
adults,EIG,123,0.8973538410211773,132.64452480547544,0.900305960165675,203.871919229259
adults,EIG,124,0.8848447546178526,140.49416771837267,0.889556118023496,248.761006569884
adults,EIG,125,0.8864138063097681,139.53233410010864,0.889849020787324,224.640899776339
adults,EIG,126,0.8700984002696093,149.21243335490433,0.871859405724119,197.998413932709
adults,EIG,127,0.8664620440146781,151.28852685875916,0.868262125575744,242.261577342379
adults,EIG,128,0.8791738617503788,143.92076776157674,0.884777800202761,257.45321452481
adults,EIG,129,0.8976151671808101,132.4720719991417,0.899869574157987,199.467599706192
adults,EIG,130,0.8561661823707613,157.03121253440446,0.863393514650838,226.587315139293
adults,EIG,131,0.9012976457903586,130.06595914109698,0.902892174115471,202.455943124293
adults,EIG,132,0.8768457486003782,145.2862735645517,0.877921080016322,204.165383758269
adults,EIG,133,0.8792377615473218,143.87158718545152,0.880709824677015,221.562999757775
adults,EIG,134,0.8854867504282283,140.09861405397035,0.88890868101288,226.250566117548
adults,EIG,135,0.8940567797131991,134.75243186646438,0.896271647224634,237.598917375062
adults,EIG,136,0.8847042590559294,140.5797776478404,0.888170108694111,227.256702823356
adults,EIG,137,0.8958337996801637,133.620192716822,0.89717150664,202.851872677174
adults,EIG,138,0.870823322842406,148.79626949418213,0.87217529377465,204.660875190991
adults,EIG,139,0.8787042648321343,144.18782697866058,0.879855693834751,197.664072198741
adults,EIG,140,0.8811948388691685,142.70560771726798,0.885688850022554,206.410035166157
adults,EIG,141,0.886427899943723,139.53733339895774,0.891323839936985,219.723800298531
adults,EIG,142,0.8796034011429781,143.6590461239169,0.884168883863798,222.852119946616
adults,EIG,143,0.8951334457291167,134.06971429781186,0.897651472202507,233.624089619692
adults,EIG,144,0.8602074342089654,154.78800212838112,0.863428415173272,215.799490708895
adults,EIG,145,0.861875435687928,153.86163766258392,0.864270880006358,218.460444319484
adults,EIG,146,0.8632061852733404,153.12193695002458,0.868927464795336,197.257992442858
adults,EIG,147,0.8816677237065269,142.41655327327416,0.885063954160513,300.127409789745
adults,EIG,148,0.863778223176595,152.80738063818853,0.869720584143085,209.315547544437
adults,EIG,149,0.8694898461187434,149.5678406636425,0.873951065726126,231.795404506329
adults,EIG,150,0.8663357038245115,151.3568243264177,0.868552980812544,229.248149510203
adults,EIG,151,0.8712207289125432,148.56722629453415,0.872399242362165,202.849275904177
adults,EIG,152,0.8633919888752469,153.03030285424379,0.870198804063718,246.852229293448
adults,EIG,153,0.8846216947724043,140.6283905746014,0.887674338517217,188.692923521941
adults,EIG,154,0.8717558502267738,148.26536884572664,0.877551803119153,215.261204506643
adults,EIG,155,0.8870642556296287,139.1292788234056,0.890267748175245,203.827598441184
adults,EIG,156,0.8724697316685984,147.84669626019337,0.874072467908273,201.758936405271
adults,EIG,157,0.8828548309332196,141.6989257387995,0.883674763706651,197.902999830374
adults,EIG,158,0.8855235538557431,140.0804519740188,0.88875725988648,217.256296187725
adults,EIG,159,0.9030965719570752,128.87587235017645,0.904883754252459,230.340024417305
adults,EIG,160,0.8803452479338777,143.21395640371176,0.884849247490743,224.373618518182
adults,EIG,161,0.8870435504341407,139.14310538876808,0.890123813657473,256.810694897196
adults,KL,0,0.8820094118343799,142.2074501795291,0.883436605088702,181.322157765487
adults,KL,1,0.8951942411634873,134.0299908013094,0.896150539774153,181.753385703242
adults,KL,2,0.8644959927247312,152.40740928987464,0.870934671227123,212.456159294976
adults,KL,3,0.8789237567167133,144.05942549955734,0.883170651680706,259.784099697153
adults,KL,4,0.8709799990811367,148.7141353062195,0.876931872633445,225.801261553827
adults,KL,5,0.8840568838322396,140.96842547109213,0.888490257555667,235.064980960057
adults,KL,6,0.8827265225791863,141.77536912000085,0.883894985611762,192.398555508519
adults,KL,7,0.8852069159794932,140.27110883461296,0.886468556271496,238.906327952264
adults,KL,8,0.8741908223827032,146.8461604292991,0.879508357607771,243.392428300549
adults,KL,9,0.8736562560559947,147.1588575518743,0.878588976200063,192.635788296644
adults,KL,10,0.8771249466972816,145.1219388707589,0.881732952800355,240.844778148707
adults,KL,11,0.8708596606170731,148.77998960137242,0.87621128032877,236.767247153721
adults,KL,12,0.8701841304080234,149.16482674709718,0.872252547324072,237.251868800754
adults,KL,13,0.8933369965685345,135.21195671384874,0.89507048425759,227.192841480944
adults,KL,14,0.8714592113405685,148.43451775328353,0.877012209054811,203.949252034382
adults,KL,15,0.8871592718011313,139.06995336798474,0.889916561366823,202.970619769877
adults,KL,16,0.8791686021704046,143.91162258859598,0.883861004659463,210.27530574952
adults,KL,17,0.8893768681053777,137.69683711539213,0.892902038414051,190.442351596011
adults,KL,18,0.8813665268900378,142.5939021671238,0.882594699740695,229.467967821452
adults,KL,19,0.897945564082808,132.25789643775468,0.899135568753732,236.467384170598
adults,KL,20,0.8740678918486386,146.91820316582024,0.878895529652588,267.690007475637
adults,KL,21,0.8679401085256118,150.46135128436578,0.874426759861771,269.999352556784
adults,KL,22,0.8800262781243204,143.3976914927765,0.883870137191948,254.267758648009
adults,KL,23,0.8778511148461509,144.69934495808852,0.882467548226336,197.494509461576
adults,KL,24,0.8813438819416693,142.60878985653304,0.883057616980766,183.767311865037
adults,KL,25,0.8901674596447561,137.204104721699,0.891346938040909,209.983247643231
adults,KL,26,0.8623099024515988,153.63035405923205,0.86904636681814,232.273819904612
adults,KL,27,0.8815094502641915,142.51121223137227,0.885405610464048,244.380893500255
adults,KL,28,0.864037593869551,152.66096383317884,0.870173393306531,234.965487752539
adults,KL,29,0.8907889847955469,136.81470844151286,0.894134904735078,188.033541394675
adults,KL,30,0.8778175156290327,144.7162810678072,0.879449434220256,218.485915933789
adults,KL,31,0.8824738153567487,141.93200099983093,0.883659905241416,183.90903468505
adults,KL,32,0.8807313436849276,142.97671638948248,0.885093877072331,210.015799336659
adults,KL,33,0.8715047317002533,148.41902290515839,0.877549259855267,213.169253239307
adults,KL,34,0.8902058966168562,137.17917149661284,0.8935532155142,167.752240848125
adults,KL,35,0.8874279231508835,138.90453696611908,0.890821517631438,187.941507930029
adults,KL,36,0.8826644489283291,141.81278597261118,0.883880803228876,202.629123043013
adults,KL,37,0.8944088145910207,134.53086732661876,0.895019783684,200.744171874337
adults,KL,38,0.8884666096518791,138.25948788556892,0.892148537413718,235.609217051557
adults,KL,39,0.8820768314730643,142.1737788296712,0.887229408962574,218.58300917735
adults,KL,40,0.8817723499335294,142.3521194586518,0.886585579771704,207.999030336984
adults,KL,41,0.8727973420087498,147.66431071102346,0.878826974903013,190.158422682557
adults,KL,42,0.8712732816254504,148.53727633594258,0.873806150925901,223.814011926523
adults,KL,43,0.8859603279676489,139.8082974006345,0.886543746322666,234.578361411361
adults,KL,44,0.8631394277279795,153.16415780727203,0.869372496964842,227.043125984295
adults,KL,45,0.8787580272429985,144.15872804449322,0.88333838516611,200.421638489307
adults,KL,46,0.8822913341177933,142.03659827624531,0.885434667645451,223.747791549384
adults,KL,47,0.8896889615338105,137.50128707095516,0.89305145402289,210.585406076244
adults,KL,48,0.8678895684644965,150.47610189362217,0.869675086832853,295.712943200458
adults,KL,49,0.8878546006434311,138.64373037541267,0.888698717143538,213.380752586086
adults,KL,50,0.8740307940865477,146.94261406877416,0.880228357888974,290.281783315054
adults,KL,51,0.8745502112916199,146.6474972222213,0.88081072166941,222.491083449431
adults,KL,52,0.8663986200895443,151.33645606982105,0.872224371446699,199.688188079654
adults,KL,53,0.8809781810128178,142.829439915307,0.884604847620194,241.50972270662
adults,KL,54,0.8862198203243068,139.6505370585733,0.887660220180552,251.879412017596
adults,KL,55,0.8881687565965916,138.44841760783032,0.888974145711051,203.865294007527
adults,KL,56,0.8740143133033592,146.94986843104695,0.878833787407061,184.967631928559
adults,KL,57,0.867514907632077,150.6971380615399,0.872672362857713,215.261520397796
adults,KL,58,0.871669961440543,148.3106627061118,0.876208867107717,246.346138035364
adults,KL,59,0.8775983543071867,144.84811393778273,0.882910317505747,247.775552976958
adults,KL,60,0.8796004343965141,143.6536667285999,0.880770532010775,244.783417329272
adults,KL,61,0.8887959781031896,138.05980652772695,0.890354728986471,218.574057686545
adults,KL,62,0.8777441534345881,144.7575209958633,0.882760855370906,206.728784540738
adults,KL,63,0.8863918533403486,139.5460138625732,0.891451869964318,232.317544642532
adults,KL,64,0.8723611346383231,147.91189492864532,0.877523829111674,233.676881116073
adults,KL,65,0.8935331547002114,135.082359398318,0.897048207728874,198.207052099623
adults,KL,66,0.8575309348119198,156.26663449238663,0.859972838616291,209.609066027834
adults,KL,67,0.8675893419231879,150.65108197307353,0.86919979813403,206.916736378834
adults,KL,68,0.8640298444762532,152.67154737275328,0.87067508596796,216.995540685174
adults,KL,69,0.8771370113439955,145.12037016048987,0.881985748571073,205.271963804028
adults,KL,70,0.8787412464349323,144.1656369255197,0.882765690186495,274.33229921592
adults,KL,71,0.8809782203564579,142.8321491250277,0.884969957498572,185.685655148876
adults,KL,72,0.8778045220053414,144.7203822695399,0.879346564413731,249.431168280519
adults,KL,73,0.8976719236008186,132.43528479686785,0.898726819415161,280.936045356751
adults,KL,74,0.8769011548748518,145.25313981267422,0.881587888982429,208.220966922964
adults,KL,75,0.8695285082219724,149.55506628060914,0.875898380652429,229.086930857004
adults,KL,76,0.8759601471062604,145.8123323725854,0.880584674794098,216.36043637728
adults,KL,77,0.8752450786121855,146.23747421444128,0.880043839779329,294.471318074478
adults,KL,78,0.8826510587140249,141.82079838510413,0.883600061676965,242.880343714313
adults,KL,79,0.8868197675299402,139.28042858163366,0.887851113562385,257.331757627699
adults,KL,80,0.8770930124520686,145.14207120257998,0.881133599297334,214.874753125631
adults,KL,81,0.8720806498568676,148.07509990467642,0.877512912261354,193.264078676453
adults,KL,82,0.8768147437221662,145.30644361369974,0.881693307748294,261.121953428934
adults,KL,83,0.8702958753435054,149.10910465616493,0.876742824456285,214.053574010365
adults,KL,84,0.8702738664352131,149.11564905399308,0.871905480148081,213.209646414627
adults,KL,85,0.8839195863292307,141.05515589637082,0.885210905454625,259.894095724386
adults,KL,86,0.8822337646633026,142.0756422465334,0.886582406565859,234.165777223914
adults,KL,87,0.8793573673402676,143.8009689654914,0.884341228116962,212.167571413721
adults,KL,88,0.8841544687766556,140.9108732867036,0.88794452991148,241.793444592442
adults,KL,89,0.887161129680376,139.0743731388966,0.89145563373419,232.216499278712
adults,KL,90,0.8737169516302145,147.12273020701844,0.875783494007457,208.348282861016
adults,KL,91,0.8924152347065915,135.795806434228,0.893460993078473,254.331043633584
adults,KL,92,0.8844528153280953,140.7273060532854,0.888764719791857,207.106187531753
adults,KL,93,0.8815431509893941,142.4915078796312,0.885888945453145,230.301289253531
adults,KL,94,0.8759711805229253,145.8046381892105,0.880884399845008,215.106756862184
adults,KL,95,0.8800380160735743,143.3919294149676,0.884201562076459,228.304462504797
adults,KL,96,0.8682003036388035,150.29856056640463,0.869558806483095,234.951778700507
adults,KL,97,0.8876520202046858,138.76876904154193,0.888336818026372,220.152392490769
adults,KL,98,0.8663237612558048,151.37487986004257,0.871801422090518,209.037126883578
adults,KL,99,0.8729216942831622,147.58839985815737,0.878129761151758,212.985479824491
adults,KL,100,0.872268165112366,147.9677660324726,0.877768378739487,297.614764538037
adults,KL,101,0.8656461293473835,151.76316004620844,0.871996512781496,208.093726213559
adults,KL,102,0.8682888830511487,150.2502771942395,0.87014139352322,256.937678773492
adults,KL,103,0.8804295570233319,143.16391532481506,0.881431495551976,222.355722764236
adults,KL,104,0.8837525675710545,141.15449630482846,0.887999806106009,181.715658883977
adults,KL,105,0.8717439223606611,148.27865634205568,0.87825225339025,220.164993093249
adults,KL,106,0.8640125411515516,152.67717881202483,0.870438272335817,207.096237884043
adults,KL,107,0.8731858174475454,147.43554073879258,0.878427951796836,224.534073599675
adults,KL,108,0.8755298846365175,146.0607372662624,0.87728672735391,200.251155209727
adults,KL,109,0.8797302536931396,143.57867061073134,0.880753390265317,230.490528086881
adults,KL,110,0.869288907686234,149.68860681837072,0.875958618582416,213.630895284462
adults,KL,111,0.8728075223219066,147.6621524404415,0.878992478656967,193.681545490543
adults,KL,112,0.8798735086662737,143.48910167019235,0.884348286475587,195.199910181381
adults,KL,113,0.8869941846532234,139.17319574102618,0.890736566167956,208.174254385955
adults,KL,114,0.8853751723550433,140.16436801107125,0.887026151851881,221.980270983904
adults,KL,115,0.8899972576831496,137.31505967402532,0.891061264821804,213.972513309664
adults,KL,116,0.8745146381059195,146.6587470741204,0.879617405889204,220.719960097948
adults,KL,117,0.8807497337994667,142.9732190019304,0.88590241127595,162.564749344614
adults,KL,118,0.8763066762617525,145.6049855052284,0.879889292061847,202.310708169826
adults,KL,119,0.8843453284674225,140.79689207651484,0.889142504532467,239.225345523537
adults,KL,120,0.8776796068037983,144.797704966436,0.878909022003267,218.493696402208
adults,KL,121,0.8825036914036432,141.9142975694958,0.884167396545186,204.260120855883
adults,KL,122,0.8761594906603136,145.69127543123378,0.880849998038441,197.918977531781
adults,KL,123,0.8898247699365569,137.41882757554524,0.89375728618597,204.421604017003
adults,KL,124,0.8798947208096257,143.48132472741085,0.884501985113739,254.050243827395
adults,KL,125,0.8714652750696683,148.43723932028698,0.87717075060689,205.941401073121
adults,KL,126,0.8770868301968737,145.14556002996645,0.878888630120041,202.419657390531
adults,KL,127,0.888721416820959,138.1055126370697,0.889851330610592,272.093124657481
adults,KL,128,0.8735268818503859,147.23381283903856,0.878414730632735,193.509479940945
adults,KL,129,0.8742903720892601,146.79580357276018,0.880149865997506,210.247238577616
adults,KL,130,0.8678574389938372,150.50222355369914,0.873716892591184,255.578411183288
adults,KL,131,0.8847708706945254,140.53689899069573,0.88948194485489,240.750403695211
adults,KL,132,0.8746630304328383,146.5696072170994,0.875840980463643,212.876151622514
adults,KL,133,0.8869817614395754,139.182102933107,0.888086320275535,220.347716364484
adults,KL,134,0.8784246489025982,144.35361332964598,0.882662210913427,210.78073375834
adults,KL,135,0.8824598744657826,141.94911278269242,0.888038667469807,292.293423274105
adults,KL,136,0.8666461885726582,151.1896578929015,0.873159155408836,224.367781729128
adults,KL,137,0.8602405323719572,154.7982602325112,0.867983120007991,236.605160544333
adults,KL,138,0.8710728208382186,148.65721946787954,0.872945054551841,224.147455671794
adults,KL,139,0.8857639796380427,139.93092346383074,0.886445613224155,244.457681800215
adults,KL,140,0.8767129546149082,145.36697645260014,0.881833374800445,197.025614609992
adults,KL,141,0.8840051898738653,141.0012761478822,0.887700417570793,262.955610404086
adults,KL,142,0.8684514896955079,150.16232123529278,0.873518619832324,299.108407228929
adults,KL,143,0.8823091721493348,142.03105719162255,0.886153870549862,187.415053986798
adults,KL,144,0.8757079758218353,145.95610441752007,0.87725902440512,213.199712859803
adults,KL,145,0.8858378407288208,139.88683981276017,0.885783660300258,245.179645030376
adults,KL,146,0.8793390511582743,143.80747106139833,0.883858901595139,239.854077943424
adults,KL,147,0.8746301301175251,146.5962411934496,0.880008910087505,205.692891323935
adults,KL,148,0.8812403238435635,142.67088922628972,0.884636450517631,274.332629062131
adults,KL,149,0.8652867323874542,151.95712993384151,0.871445502874945,225.989322099701
adults,KL,150,0.8777284977761891,144.76481674947587,0.879091055316148,214.565623510008
adults,KL,151,0.8833462561891888,141.4044271964454,0.884683034197151,255.173034614662
adults,KL,152,0.8777583464578427,144.7481243119254,0.882324781817579,220.025081506624
adults,KL,153,0.8662607243969391,151.41145133142098,0.872020475080008,250.114585299369
adults,KL,154,0.8748190330384333,146.48327105951202,0.880151103424927,229.024847795985
adults,KL,155,0.879136353915351,143.93260683537596,0.883763840811651,201.725680216936
adults,KL,156,0.8749104189509631,146.4273946085098,0.876892863905181,227.729681212594
adults,KL,157,0.8892126960710156,137.80083086147926,0.890434596538278,215.752606344425
adults,KL,158,0.8796280912303369,143.63840199154657,0.88450753746612,255.413999836135
adults,KL,159,0.8770630273635075,145.16375851725104,0.882393398695932,183.318629867729
adults,KL,160,0.8741675048382689,146.86285334232272,0.879881296237487,191.504456206989
adults,KL,161,0.8827760911367171,141.74646959078962,0.886410968101826,244.577345789899
adults,Surprisal,0,0.7410598292483429,210.7052049228561,0.754482431844323,282.950839603991
adults,Surprisal,1,0.7867027147382548,191.2409299304608,0.799225776194912,268.811720269075
adults,Surprisal,2,0.5541498639453093,282.4720480134324,0.568632280227387,341.584642301215
adults,Surprisal,3,,,0.452686513495187,362.159566622945
adults,Surprisal,4,,,0.532240922993441,305.41869686541
adults,Surprisal,5,,,0.380168108535877,382.153759974839
adults,Surprisal,6,,,0.768447506092533,305.936789318971
adults,Surprisal,7,,,0.814361293280193,257.365954840142
adults,Surprisal,8,,,0.524001487927285,363.062958876069
adults,Surprisal,9,,,0.572656994473109,291.367330214379
adults,Surprisal,10,0.5070096301788201,290.8884562566045,0.532024358753855,346.614592532877
adults,Surprisal,11,0.5008865772092927,292.78082867440867,0.527053624827058,336.277943012995
adults,Surprisal,12,0.7456145137775196,213.2517878227783,0.738846724130733,234.007062554244
adults,Surprisal,13,0.7913614932051841,189.12449911368932,0.803047673815085,244.84564070168
adults,Surprisal,14,0.48873274922133225,296.32586731543785,0.515425528469293,336.796074214936
adults,Surprisal,15,0.5270060634523932,285.1238259727204,0.553929601891583,345.61352826895
adults,Surprisal,16,0.42192925974694445,326.939510682297,0.502144858435257,328.003648656831
adults,Surprisal,17,0.46617879133230816,303.06093640357034,0.496591605508269,341.514928530137
adults,Surprisal,18,0.831154399738158,173.1706737824345,0.771097234854056,256.492528028919
adults,Surprisal,19,0.8147336157664724,178.20317935171585,0.822430886520446,241.594131842881
adults,Surprisal,20,0.6686790367669705,243.35264436418151,0.658207017976487,296.884193888398
adults,Surprisal,21,0.49994244779786534,293.6404220314533,0.539328720778023,346.551400151584
adults,Surprisal,22,0.6447145137132874,255.59607487807307,0.598296406222363,298.004233909884
adults,Surprisal,23,0.4111660332013458,329.2659329815588,0.457846424390559,356.041487236498
adults,Surprisal,24,0.8519549972660161,171.9135964978533,0.762620087281545,249.120709127869
adults,Surprisal,25,0.9133728229824801,129.10769570385642,0.820684255054732,263.346186299687
adults,Surprisal,26,0.5737033962365818,304.24867247217765,0.567057226881955,322.673392810612
adults,Surprisal,27,0.6054386234543223,292.142698007455,0.566276658476646,304.081309579055
adults,Surprisal,28,0.7485027551924494,246.80213654365755,0.530734608120282,298.030225144024
adults,Surprisal,29,0.7889445306891943,224.87511188088405,0.51144355049088,339.871026577358
adults,Surprisal,30,,,0.735852817213649,296.40599290119
adults,Surprisal,31,,,0.824977229514998,246.882339667671
adults,Surprisal,32,,,0.535497613311851,347.187495170137
adults,Surprisal,33,,,0.53284431673589,299.787142101472
adults,Surprisal,34,,,0.497031601475309,363.475757876557
adults,Surprisal,35,,,0.49452166177403,330.792052785528
adults,Surprisal,36,,,0.779982906019268,283.544326420592
adults,Surprisal,37,,,0.797154608001226,268.215463456901
adults,Surprisal,38,,,0.721458045193036,298.512319981722
adults,Surprisal,39,,,0.687919499620058,272.707779959724
adults,Surprisal,40,,,0.708260731061744,261.340173384131
adults,Surprisal,41,,,0.670419046349415,287.990469975266
adults,Surprisal,42,,,0.792004219499922,217.174575462213
adults,Surprisal,43,,,0.818055993381304,314.833890273032
adults,Surprisal,44,,,0.677407797962643,305.123810441619
adults,Surprisal,45,,,0.626529708478887,293.960798046579
adults,Surprisal,46,,,0.652829225537249,288.721135261331
adults,Surprisal,47,,,0.54819788695579,296.762119119006
adults,Surprisal,48,,,0.757315717860264,336.803301168944
adults,Surprisal,49,,,0.780211991083235,295.055892062302
adults,Surprisal,50,,,0.564071082792932,330.524613221272
adults,Surprisal,51,,,0.540967512235539,320.934007841594
adults,Surprisal,52,,,0.533279643971729,312.647510948934
adults,Surprisal,53,,,0.510941294950272,339.67692433032
adults,Surprisal,54,,,0.747115613915246,329.140807180439
adults,Surprisal,55,,,0.813422993471946,288.464858377962
adults,Surprisal,56,,,0.574965846189326,326.230773088757
adults,Surprisal,57,,,0.5598838230252,332.120817693275
adults,Surprisal,58,,,0.555183162859406,315.261696123245
adults,Surprisal,59,,,0.466706503680368,354.182383398461
adults,Surprisal,60,,,0.74777167833796,268.999196859892
adults,Surprisal,61,,,0.830020071169309,238.767721689266
adults,Surprisal,62,,,0.553999353361448,342.281990098862
adults,Surprisal,63,,,0.597533281583297,341.316443476455
adults,Surprisal,64,,,0.547279094749197,318.447609459831
adults,Surprisal,65,,,0.580549312480832,316.945086869207
adults,Surprisal,66,,,0.738799999266001,235.799839134273
adults,Surprisal,67,,,0.844526507202573,225.033083556652
adults,Surprisal,68,,,0.536733614801868,316.234671002849
adults,Surprisal,69,,,0.569716306175729,302.338839846481
adults,Surprisal,70,,,0.475928985029524,362.425197840575
adults,Surprisal,71,,,0.50708017839035,358.999537386968
adults,Surprisal,72,,,0.776357170014395,282.606047121639
adults,Surprisal,73,,,0.827406447231315,258.108829133885
adults,Surprisal,74,,,0.63048552783448,320.12149696609
adults,Surprisal,75,,,0.605843006024706,304.344025601738
adults,Surprisal,76,,,0.602693600324935,300.265787438722
adults,Surprisal,77,,,0.533560662655878,327.069381886342
adults,Surprisal,78,,,0.770395980634275,285.118727305096
adults,Surprisal,79,,,0.825147772661929,267.223835983962
adults,Surprisal,80,,,0.574282033220325,297.600730727839
adults,Surprisal,81,,,0.568703721896382,323.981155616982
adults,Surprisal,82,,,0.547657258567077,370.897298978592
adults,Surprisal,83,,,0.545014647656063,335.573281646528
adults,Surprisal,84,,,0.73133727177675,280.883922130089
adults,Surprisal,85,,,0.836062674258277,220.580195033805
adults,Surprisal,86,,,0.547362338866191,336.750876080606
adults,Surprisal,87,,,0.551642658127394,331.313423456605
adults,Surprisal,88,,,0.502226685601725,335.528654032718
adults,Surprisal,89,,,0.503370695870532,334.562428761933
adults,Surprisal,90,,,0.769133210695113,288.830333289409
adults,Surprisal,91,,,0.812569882662504,273.359716049347
adults,Surprisal,92,,,0.695356612947391,273.027902875309
adults,Surprisal,93,,,0.711531557289442,299.64822475806
adults,Surprisal,94,,,0.693565652733334,271.629780713751
adults,Surprisal,95,,,0.656126012013845,273.700834968309
adults,Surprisal,96,,,0.790216004102527,292.325197010993
adults,Surprisal,97,,,0.830924223887372,213.031752471232
adults,Surprisal,98,,,0.69109007308312,275.394143366094
adults,Surprisal,99,,,0.660772484717707,301.803145818154
adults,Surprisal,100,0.6535744753445417,243.7113066732918,0.672589066231556,283.313434166111
adults,Surprisal,101,0.5878464168469237,265.8414657967059,0.611058082409564,312.127370850561
adults,Surprisal,102,0.7465135057403048,208.4711886928335,0.760136226209098,249.146704123654
adults,Surprisal,103,0.8298118668069091,170.79548906984726,0.837654108234869,238.880599516806
adults,Surprisal,104,0.5525546408275597,277.11185719392205,0.576363338487989,360.604123580992
adults,Surprisal,105,0.5214729117985215,286.7861125229702,0.551206210448776,339.141014862358
adults,Surprisal,106,0.5370073697756791,281.90236907379915,0.561627981931785,339.847612694053
adults,Surprisal,107,0.5748315780702503,270.1597878219524,0.598822001317037,302.938337695836
adults,Surprisal,108,0.7435149078247456,209.6958593783103,0.756556751263162,262.686095693836
adults,Surprisal,109,0.8288793479361637,171.26478378457423,0.836205642804548,250.128073694596
adults,Surprisal,110,0.5414375002745383,280.5001315352338,0.566312792864727,333.307012135016
adults,Surprisal,111,0.5442501558166389,279.68798806829557,0.569335080542619,312.444935406431
adults,Surprisal,112,0.5429488328518023,280.03043229481443,0.56713967247622,307.213069268807
adults,Surprisal,113,0.4599141353523354,305.59929396708384,0.479556654081311,352.911356573972
adults,Surprisal,114,0.8011768099504901,190.72460895620037,0.743984619984966,286.382504939143
adults,Surprisal,115,0.8207889249324729,175.26403197766714,0.828347766215492,252.682860816427
adults,Surprisal,116,0.5348813135160969,282.54845419479733,0.560977392302294,315.83762678655
adults,Surprisal,117,0.5748448140121503,270.1267210399513,0.597260991342326,298.66920894533
adults,Surprisal,118,0.4803507741021707,303.1573788732128,0.561102434420215,338.918965340086
adults,Surprisal,119,0.562419729918573,274.03352700419293,0.586065591749758,393.618094590423
adults,Surprisal,120,0.7225338149710072,218.11834404674153,0.737792524453968,274.244030274776
adults,Surprisal,121,0.8092569275076176,180.75878335961625,0.83449255111461,218.683213689514
adults,Surprisal,122,0.48998576554698126,297.0347953700955,0.529498652789984,327.532735537151
adults,Surprisal,123,0.5309666423307339,283.85081195495627,0.556127060700711,318.986806945004
adults,Surprisal,124,0.5367596486696878,287.16453770252105,0.506023454169364,361.748758741191
adults,Surprisal,125,0.5270527710580185,285.15884874909705,0.55542436023685,341.541407197787
adults,Surprisal,126,0.7697143226580695,198.69548684548593,0.78155990791423,325.594994985273
adults,Surprisal,127,0.8220596701856577,174.64487327017986,0.82845430746345,244.338912872084
adults,Surprisal,128,0.795101147470162,218.71201695737432,0.628974907676971,305.610649164757
adults,Surprisal,129,0.5979340073547487,262.6122816182788,0.620105495608076,295.554751086162
adults,Surprisal,130,0.6228499675850112,254.34719160382235,0.644746350215058,295.769359219238
adults,Surprisal,131,0.5170674604671026,287.8612668668451,0.542315822411923,325.795511284874
adults,Surprisal,132,0.969264895661695,87.45834873031406,0.755811977581724,331.037205636324
adults,Surprisal,133,0.8215041839531309,174.913720784461,0.828402906147538,246.191970509111
adults,Surprisal,134,0.5610709829589247,274.46208774818683,0.586530990600555,322.174595192102
adults,Surprisal,135,0.6073505478456127,282.9253037567383,0.620395759209124,309.143953238775
adults,Surprisal,136,0.4959575922472837,294.1558544420224,0.521672825400863,340.255020728802
adults,Surprisal,137,0.5276682923194018,284.83757449223185,0.554491434846722,329.732146930959
adults,Surprisal,138,0.726068885439525,216.72278234029883,0.741114157013251,292.096113795321
adults,Surprisal,139,0.7967164148718213,186.67284117318806,0.807124532477658,290.521742737919
adults,Surprisal,140,0.9692648956616949,87.45834873031438,0.526243598197092,310.883580806288
adults,Surprisal,141,0.556067347315628,276.1414044038837,0.581336699618676,297.998363366131
adults,Surprisal,142,0.4890825731431695,296.1603801064574,0.515499721193433,339.358348269875
adults,Surprisal,143,0.4946348592797274,294.81322108951133,0.525032892001784,342.410931415343
adults,Surprisal,144,0.7531976132804958,205.6080691077035,0.770481846967814,237.492631495837
adults,Surprisal,145,0.7819780199370117,193.30733374280456,0.789244682122071,229.954124055995
adults,Surprisal,146,0.7001056723824546,226.6559424435702,0.721605162233211,270.753460492158
adults,Surprisal,147,0.7614024696747143,208.92414689096645,0.709087995993915,266.03901796067
adults,Surprisal,148,0.6687134046529087,238.22862017924763,0.685178009012968,269.059735820799
adults,Surprisal,149,0.6764876759039948,235.48666873432256,0.693447610539215,289.183193146733
adults,Surprisal,150,0.7547619674937017,205.02723936527875,0.765330353130246,251.661436024547
adults,Surprisal,151,0.8151383713816698,178.00342980649896,0.821598260118904,245.97845627369
adults,Surprisal,152,0.6591877508119498,241.7268337402666,0.677350054054317,307.921878492972
adults,Surprisal,153,0.6349122673468539,250.1856251855969,0.655787654919276,326.567008698219
adults,Surprisal,154,0.6535514380252012,244.60809578413338,0.660061972472184,387.294643750686
adults,Surprisal,155,0.6296267827827896,251.99877976554086,0.64979036611615,326.488591428398
adults,Surprisal,156,0.7351157591432269,213.6383602642499,0.747393266517981,258.089117866901
adults,Surprisal,157,0.8280185754328224,171.69190817977133,0.835343094753721,261.762000644123
adults,Surprisal,158,0.5552123446675538,279.43790657771353,0.580485521755588,297.211292799666
adults,Surprisal,159,0.549711081863624,278.06957675532334,0.575391009660781,358.2454757742
adults,Surprisal,160,0.5802734050265186,269.3563918208954,0.567483330415129,346.906629964578
adults,Surprisal,161,0.5262178851088757,285.2128770334714,0.550434157894462,309.462494406413
adults,No Learning,0,0.009371950674824114,421.9427064753532,0.0179020605084335,453.729823137712
adults,No Learning,1,0.10564166524030227,422.4570152489971,0.0006154709105875,460.00414380502
adults,No Learning,2,0.025474535649822435,411.63296851547034,0.0665675782626019,419.360263996668
adults,No Learning,3,0.003383974318941974,429.4458577173474,0.0474748218384256,430.173023491207
adults,No Learning,4,0.12190354925600178,419.83743394958395,0.0068344026450392,461.531545194113
adults,No Learning,5,0.01996213460927988,423.93099297458116,0.0088412304217778,443.81365651588
adults,No Learning,6,0.08189357403862994,423.43551995125415,0.002320614394525,449.424044939106
adults,No Learning,7,0.02673704176474427,423.9712614718944,0.0046864839075609,433.444291690749
adults,No Learning,8,0.0017270546662070485,423.02909442775115,0.0299357425729981,441.259785421638
adults,No Learning,9,0.002604292373447919,427.30768724643974,0.0432808421271809,494.881608219723
adults,No Learning,10,0.12124793089262637,419.8042618345137,0.0276327513519689,446.450681157758
adults,No Learning,11,0.15518042784513195,381.707418154148,0.190359541089229,457.92652471969
adults,No Learning,12,0.12351739009478217,419.9603802143295,0.0071404305320584,445.745254245624
adults,No Learning,13,0.12124793089262637,419.8042618345137,0.0673880330173617,435.127296631482
adults,No Learning,14,0.12124793089262637,419.8042618345137,0.0585295315023479,428.321906283076
adults,No Learning,15,0.12126411673047743,419.8046598701211,0.0129990771573439,438.097007196731
adults,No Learning,16,0.01560329143543826,413.81139364984733,0.0489754417093348,443.073362940454
adults,No Learning,17,0.13469213461617355,420.3512277487079,0.0006837007583318,440.247844517821
adults,No Learning,18,0.15154496116809013,420.7781404013869,0.0003950552524489,456.245110366431
adults,No Learning,19,0.006742245146069379,422.71301884298185,0.0104671871770694,427.714347211349
adults,No Learning,20,0.12124793089262637,419.8042618345137,0.0481100185971963,445.878594840859
adults,No Learning,21,0.001987914869087255,421.4917797194904,0.0212002142752046,448.797867520923
adults,No Learning,22,0.12124793089262637,419.8042618345137,0.0085606213629801,444.760011179388
adults,No Learning,23,0.1241402543993013,419.9667471229665,0.0071343771796799,452.92472889005
adults,No Learning,24,0.08009981584973763,423.0786274747115,0.0030610072737901,438.311464581801
adults,No Learning,25,0.12352292286397124,419.9026191517997,0.0040481860564533,448.697391067646
adults,No Learning,26,0.12576239861402236,421.29676719289847,0.0037340999605083,479.881789996439
adults,No Learning,27,0.03886827103283321,425.11473109977027,0.0032549543330126,464.236760222675
adults,No Learning,28,0.030407021836679787,425.25240416936396,0.0056234643322577,472.400205914734
adults,No Learning,29,0.041971496044666594,407.15567428692344,0.0774365078923047,441.219947778442
adults,No Learning,30,0.1465491297546184,421.14375928760927,0.0001535515699845,471.629593349725
adults,No Learning,31,0.12124793089262637,419.8042618345137,0.0157099248128436,436.6859817957
adults,No Learning,32,0.0852070956006391,424.5938789086182,0.0002147868335795,444.269028200568
adults,No Learning,33,0.12124793089262637,419.8042618345137,0.281983564991963,440.186820247158
adults,No Learning,34,0.12124793089262637,419.8042618345137,0.0261083585043139,441.101339813941
adults,No Learning,35,0.13021744739797303,420.3799333997236,0.0015612490271316,434.683738136495
adults,No Learning,36,0.002604189535565289,419.95226101998486,0.0276632814279239,474.235406147718
adults,No Learning,37,0.12124793089262637,419.8042618345137,0.235026493437436,466.220074714474
adults,No Learning,38,0.12124793089262637,419.8042618345137,0.0506491392520488,450.562991753337
adults,No Learning,39,0.0029988181595309404,418.6715066732875,0.0223568821698726,486.840895610374
adults,No Learning,40,0.12124793089262637,419.8042618345137,0.0859634143161655,446.504414297305
adults,No Learning,41,0.002329788233245752,418.3612499573505,0.0182215661699987,441.157102824427
adults,No Learning,42,0.12138402983205944,419.8095037066031,0.0055501984031137,461.336433597777
adults,No Learning,43,0.13963505950730026,421.9067753554209,0.0002936291452203,462.618911716106
adults,No Learning,44,0.12479512684256809,419.951299987612,0.0049049730009229,439.664577662603
adults,No Learning,45,0.1408915031970569,384.7167679598689,0.187439747914085,468.696423968177
adults,No Learning,46,0.0022981046825389043,418.5667901986773,0.0240851897147904,440.071362930415
adults,No Learning,47,0.006743262421816577,416.2577251049667,0.0350832300746282,455.901885553394
adults,No Learning,48,0.12124793089262637,419.8042618345137,0.0181941595524618,433.146639280798
adults,No Learning,49,0.09178546055025075,422.8402736597753,0.0002030759206632,438.79657646365
adults,No Learning,50,0.15694190134231983,422.21124969863763,0.000150274558061,436.782442677147
adults,No Learning,51,0.018982085445073536,415.0347916707028,0.064267679685823,443.956907110494
adults,No Learning,52,0.12337813490493202,419.88080475894805,0.0039680309309246,455.162251491475
adults,No Learning,53,0.24831120621941527,361.03989991505256,0.303816077834031,376.880294592773
adults,No Learning,54,0.12124793089262637,419.8042618345137,0.0133544693617448,442.246727822963
adults,No Learning,55,0.10384087544008681,424.9277179541171,7.48374443987142e-05,433.356597915732
adults,No Learning,56,0.027824599825718135,422.34275157321247,0.0100016937867085,429.923232206024
adults,No Learning,57,0.1265390159964877,420.23057655817195,0.002408142737219,435.929622673678
adults,No Learning,58,0.12124793089262637,419.8042618345137,0.0936549722465683,443.61389422417
adults,No Learning,59,0.12124793089262637,419.8042618345137,0.0258737889320979,439.088570882472
adults,No Learning,60,0.12124793089262637,419.8042618345137,0.197288314677015,434.771546720299
adults,No Learning,61,0.12124793089262637,419.8042618345137,0.0068841936278821,429.819268122606
adults,No Learning,62,0.0017896090328665167,419.61228536451193,0.0246522298524675,460.250678441384
adults,No Learning,63,0.13513626780853566,420.45617579816286,0.0010675937180984,448.255316101624
adults,No Learning,64,0.1385895052023534,421.18773695930355,0.0003587791935151,428.634632686816
adults,No Learning,65,0.1260388185524858,420.1961942577166,0.0045090411171678,441.443296402696
adults,No Learning,66,0.021208441993712253,413.15261662764726,0.054457031470203,482.239886256564
adults,No Learning,67,0.020615390331657654,424.0598690319377,0.0104487273151673,451.617279489401
adults,No Learning,68,0.042429048111993745,409.1607982641824,0.0839367667391547,442.962302740656
adults,No Learning,69,0.0030162458121313846,421.1834872563744,0.0343727908781879,452.391583209555
adults,No Learning,70,0.12124793089262637,419.8042618345137,0.0133061245429347,463.355812322639
adults,No Learning,71,0.12405439020670717,419.88381399205065,0.0045563323972462,492.585564539376
adults,No Learning,72,0.06434048565034176,425.1254547752181,0.0008503496155694,443.149750857358
adults,No Learning,73,0.12124793089262637,419.8042618345137,0.0171447690561124,443.40582799678
adults,No Learning,74,0.06959748437370089,406.1287323464669,0.146370161899017,413.448437671429
adults,No Learning,75,0.016136925105857933,427.4882660871141,0.0110912537114804,467.098827045948
adults,No Learning,76,0.0032190680931069564,421.72697373183655,0.0195781412919656,450.518339097374
adults,No Learning,77,0.12124793089262637,419.8042618345137,0.0604162075735576,443.464429805961
adults,No Learning,78,0.01086314624861175,425.2323302011561,0.0132682200354916,446.71403574616
adults,No Learning,79,0.09120147777118635,423.9514516791678,0.000131110303005,435.051438328157
adults,No Learning,80,0.024052947405109916,418.94593279835084,0.0771602978176785,428.839079637709
adults,No Learning,81,0.08118169048856796,400.89949937350025,0.136689088636012,485.743469316436
adults,No Learning,82,0.12499551364561894,422.5137790172052,0.0003573192185472,460.252284042846
adults,No Learning,83,0.12124793089262637,419.8042618345137,0.210878091290882,464.314812033898
adults,No Learning,84,0.1222570703799485,419.84547334436996,0.0153260402647212,443.880570175707
adults,No Learning,85,0.11825827152432225,422.65746744022925,0.0012590118946258,435.070507519156
adults,No Learning,86,0.07331370736998483,424.1098087955446,0.0013054116884648,439.438355969174
adults,No Learning,87,0.1074492127978511,423.2682399635131,0.0020686463823849,456.326731550134
adults,No Learning,88,0.14041923576754836,422.1430859564805,0.000237769009147,458.290608637642
adults,No Learning,89,0.0675742942348362,422.3776686687987,0.0048536961675556,459.195521769742
adults,No Learning,90,0.12124793089262637,419.8042618345137,0.0254123101412464,460.994549686853
adults,No Learning,91,0.08778363715447166,422.1919753421647,0.0012662515123816,455.779886982327
adults,No Learning,92,0.12124793089262637,419.8042618345137,0.0188710202083407,476.124857884317
adults,No Learning,93,0.12124793089262637,419.8042618345137,0.132476308812913,426.612170407673
adults,No Learning,94,0.00825514039520957,415.66674907477847,0.0374360130420304,455.99974486896
adults,No Learning,95,0.028213162517448508,412.62123549680194,0.0746269630494301,435.172934049032
adults,No Learning,96,0.006720836405210158,421.77424326897267,0.016497417129054,452.844241072835
adults,No Learning,97,0.12124793089262637,419.8042618345137,0.181094751556769,448.282154903552
adults,No Learning,98,0.060771056295837046,402.476832361157,0.094866056627795,431.281834452769
adults,No Learning,99,0.12170277902605844,419.82963201138773,0.0098601524701425,444.198562463563
adults,No Learning,100,0.10907710322162666,392.3246270341016,0.153991152711923,415.335175477508
adults,No Learning,101,0.12124793089262637,419.8042618345137,0.0173698083921159,450.165708743235
adults,No Learning,102,0.13298883260556452,420.56675092733286,0.0009766036724834,462.059218238003
adults,No Learning,103,0.002493726973502861,417.98027338336993,0.0230734121880709,440.177858297347
adults,No Learning,104,0.08850516489803135,423.5815803473921,7.12820441058283e-05,433.981691951568
adults,No Learning,105,0.176631848390855,422.3210828169757,0.0001510035824511,438.362948329721
adults,No Learning,106,0.035565188954058746,423.5516245922355,0.0057806347474941,441.200417992679
adults,No Learning,107,0.12288086231152447,421.6534397440067,0.0001971892384922,471.558429313164
adults,No Learning,108,0.04241320092285308,406.9158360479148,0.0760931869650575,461.543142930402
adults,No Learning,109,0.0074131573811716004,415.3385234872792,0.0309832180737216,428.72476782251
adults,No Learning,110,0.12124793089262637,419.8042618345137,0.0943898025425757,436.514402215514
adults,No Learning,111,0.0016839078011748046,420.53272057974823,0.0255332630535267,444.227740777706
adults,No Learning,112,0.00433670461510974,418.7946095194753,0.0346844437170458,459.13977418167
adults,No Learning,113,0.12124793089262637,419.8042618345137,0.129535858083108,479.558511538039
adults,No Learning,114,0.13011094503149775,420.40888420436875,0.0031963035807664,451.396853480538
adults,No Learning,115,0.0024645031669031734,418.5714010934305,0.0194513104613461,454.346087730863
adults,No Learning,116,0.12124793089262637,419.8042618345137,0.0481366166343429,450.806992599814
adults,No Learning,117,0.12403808330599092,422.68758141643934,0.000511230603747,433.240762957555
adults,No Learning,118,0.12124793089262637,419.8042618345137,0.0262723549031535,461.708930554168
adults,No Learning,119,0.004638804879287421,419.3603739808384,0.0182014666948391,437.737488281206
adults,No Learning,120,0.12124793089262637,419.8042618345137,0.0101857657892617,462.818794996442
adults,No Learning,121,0.0952404156049523,422.11828878326247,0.0019720885450509,442.578405147612
adults,No Learning,122,0.11687009795010712,390.91537054452743,0.154136950179695,433.048049594531
adults,No Learning,123,0.13547058989320157,421.8489390603709,4.45649580202786e-06,472.473627390507
adults,No Learning,124,0.11980613445095088,420.05954880777495,0.0054197001238396,441.04110230738
adults,No Learning,125,0.12124793089262637,419.8042618345137,0.0087218628570443,431.967984076906
adults,No Learning,126,0.12436422196821242,422.59530684119164,5.1600337509421e-05,436.074894765671
adults,No Learning,127,0.12182071648405512,419.82271832612616,0.0073520454437064,465.988253645626
adults,No Learning,128,0.12124793089262637,419.8042618345137,0.101930639863712,438.386181796153
adults,No Learning,129,0.14353954976856406,420.6331197298113,0.0002790620465439,476.618022654151
adults,No Learning,130,0.12124793089262637,419.8042618345137,0.129786109419085,453.268486351061
adults,No Learning,131,0.0019646853046946426,419.5621191973272,0.0181125633184358,463.536004525564
adults,No Learning,132,0.12124793089262637,419.8042618345137,0.0392820803017423,475.520396380788
adults,No Learning,133,0.12443651284398388,422.8731725863806,9.39245043292477e-05,461.849276885714
adults,No Learning,134,0.011386562031245747,416.45839753885355,0.0514528683369603,452.601747911334
adults,No Learning,135,0.12230880094130393,419.83304098235095,0.0070893950460352,467.69911349695
adults,No Learning,136,0.005888372075953337,427.94241960238304,0.0157654387186819,441.571535669333
adults,No Learning,137,0.12124793089262637,419.8042618345137,0.0690550344771619,476.773776069782
adults,No Learning,138,0.0043351111137812995,416.76685695943405,0.0251218566329149,454.204123587567
adults,No Learning,139,0.05563603026982343,425.4808386607008,0.0021613466454239,457.830170694934
adults,No Learning,140,0.12124793089262637,419.8042618345137,0.0464368533968752,442.91677768382
adults,No Learning,141,0.12086711461813822,419.8363989651881,0.0059670391812457,430.62326191148
adults,No Learning,142,0.12124793089262637,419.8042618345137,0.0252417446673165,447.754833255137
adults,No Learning,143,0.12124793089262637,419.8042618345137,0.048212622035436,470.676059044009
adults,No Learning,144,0.025615429302206297,410.49474142479284,0.0568500775282527,433.378582209142
adults,No Learning,145,0.005386674088804009,422.7037103856348,0.015359513387974,431.913939362318
adults,No Learning,146,0.003821098958411092,416.35901859006367,0.0246006553579647,447.107455709713
adults,No Learning,147,0.02789050541409424,412.382502135517,0.0735482122130653,430.148701999116
adults,No Learning,148,0.0596924542308367,424.62523093592324,0.0016250838935009,472.760227183868
adults,No Learning,149,0.11990290535590079,421.1575175482892,0.0036667927956145,458.090961089361
adults,No Learning,150,0.019735899199688475,423.7495174012873,0.0086471247121492,468.470733049063
adults,No Learning,151,0.002674813079833283,420.65717642193744,0.0353299634914425,457.270313315008
adults,No Learning,152,0.0033442754313470074,428.01601541045574,0.0182878179462941,480.246612198924
adults,No Learning,153,0.10793300183873872,423.9058828495576,0.0003406437736521,481.744326200099
adults,No Learning,154,0.12128271814671043,419.99366466678197,0.0097601731362981,460.556341238402
adults,No Learning,155,0.12762545461897706,420.07066599582083,0.0040109534247214,434.466898854746
adults,No Learning,156,0.11918422196738611,421.35683322732433,0.0019386166927355,441.479692632228
adults,No Learning,157,0.005487317651161981,423.9074481116632,0.0171088767141498,449.023235671578
adults,No Learning,158,0.12124793089262637,419.8042618345137,0.0166816284576554,429.36232115848
adults,No Learning,159,0.12124793089262637,419.8042618345137,0.0137233256785383,440.597203924519
adults,No Learning,160,0.0018220733438934053,420.151737773594,0.0212818643442487,456.941815440337
adults,No Learning,161,0.0852225895462769,423.4236404953037,0.0008486107146154,441.34546919334
adults,No Noise,0,0.5635866694995859,273.51619887958446,0.584253598218673,315.733928536791
adults,No Noise,1,0.5706308385300194,271.30468070391396,0.590943318053348,298.176360169019
adults,No Noise,2,0.5529613331955068,276.83733540892007,0.57529026244278,301.19705106331
adults,No Noise,3,0.5285815776698274,284.30048935875243,0.553352357734294,322.494188485296
adults,No Noise,4,0.43088154201334705,312.4045897824002,0.462737005982035,381.784876660365
adults,No Noise,5,0.45649273711709554,305.2985200303377,0.487009987893985,362.020347629062
adults,No Noise,6,0.5712560337887901,271.0969257447302,0.590646920101917,330.84392926325
adults,No Noise,7,0.5964042840060366,263.02168326401926,0.614634432518568,324.050974843029
adults,No Noise,8,0.5591764731401293,274.9056731554159,0.581583224349975,296.220563116399
adults,No Noise,9,0.5037669391530077,291.6960029833709,0.530098275128578,304.116316761966
adults,No Noise,10,0.45365797038209804,306.1060136170948,0.485060262210056,343.601046386859
adults,No Noise,11,0.3996944782737014,320.9251742807012,0.436095872983801,379.366164662237
adults,No Noise,12,0.5332691997740695,282.8699487949409,0.557910179139503,344.00968496957
adults,No Noise,13,0.5610888722531654,274.3222351358283,0.584810445260097,327.526854707961
adults,No Noise,14,0.5537482180965533,276.58173818688533,0.575060906339698,323.233325327739
adults,No Noise,15,0.5523018855451699,277.0357632933874,0.574196916725551,314.907354876222
adults,No Noise,16,0.4432676418641033,308.99774601217746,0.475586238906694,325.370010535196
adults,No Noise,17,0.47884778759553037,298.9493214042269,0.508511267517128,353.273656001213
adults,No Noise,18,0.5553868637167874,276.0891205783874,0.578832148353287,305.271604375067
adults,No Noise,19,0.47012414262323643,301.4336238480661,0.499581934784197,394.81500313528
adults,No Noise,20,0.5139123478889891,288.72190550933675,0.541056327422084,345.673261234074
adults,No Noise,21,0.4421310282605221,309.36405733592045,0.47585977871913,349.78485716262
adults,No Noise,22,0.38893528490602486,323.7872943405014,0.425341144051553,361.482046552702
adults,No Noise,23,0.39380575527164274,322.47820488555436,0.428520359845192,368.519954617932
adults,No Noise,24,0.553108964116706,276.7864089003809,0.57522337221922,292.271125605489
adults,No Noise,25,0.5597968105974624,274.72227666667635,0.582109810933309,314.234295884309
adults,No Noise,26,0.4990971520142204,293.07453958040793,0.525742591574166,313.089793320898
adults,No Noise,27,0.49804028296518865,293.380107897695,0.525313897952569,337.15892071925
adults,No Noise,28,0.45171422379190546,306.64664657484695,0.483538633045867,350.849459609764
adults,No Noise,29,0.37094623642079333,328.61692496131343,0.412317018041834,377.373229586846
adults,No Noise,30,0.46692224164662394,302.442838463907,0.501146489172458,367.275278118132
adults,No Noise,31,0.44818700628230446,307.71860617285824,0.479711457774637,357.210162398823
adults,No Noise,32,0.5143869482537435,288.55186719810973,0.540391946832254,327.430466081305
adults,No Noise,33,0.4743214443028979,300.2670224257712,0.505057765268441,334.628908137435
adults,No Noise,34,0.420532469897562,315.29474394789116,0.456246220517975,343.891542061283
adults,No Noise,35,0.41968127394625326,315.50617099494025,0.453259830985619,359.624649391556
adults,No Noise,36,0.536759929638022,281.8301514448641,0.561212275314231,320.173009678793
adults,No Noise,37,0.4931564209811464,294.80614345661377,0.520654182269848,314.536595716693
adults,No Noise,38,0.5044796663536011,291.5034182793237,0.532501685135005,335.539636183197
adults,No Noise,39,0.36600622246329456,330.0710960750593,0.411686820841485,340.513209611047
adults,No Noise,40,0.4315868414726214,312.23529181205316,0.463928780651362,337.260743546675
adults,No Noise,41,0.30890398806329367,344.5135014682007,0.353398199357416,386.722152682036
adults,No Noise,42,0.571184865791489,271.12089619161964,0.591038267851743,291.799983981938
adults,No Noise,43,0.48741866431323433,296.5161623086992,0.517759620770432,333.809166127344
adults,No Noise,44,0.4470442692592709,307.991231176155,0.479563386684474,314.833626519581
adults,No Noise,45,0.4582715645937912,304.8058425701421,0.489653089298972,340.451826870018
adults,No Noise,46,0.3617083105093124,330.97344496322165,0.400606506543968,363.596281514734
adults,No Noise,47,0.40647488069798443,319.1048987801512,0.439900874703146,346.800024337975
adults,No Noise,48,0.42577997605614215,313.8585052303308,0.458233329759668,367.014821380182
adults,No Noise,49,0.37432955395857126,327.7422775859003,0.411072122014975,364.91549169599
adults,No Noise,50,0.5042851802313523,291.54759767670066,0.529847643630572,322.959863054849
adults,No Noise,51,0.4550245687780101,305.72744131835015,0.485301090750689,351.156243776734
adults,No Noise,52,0.36336465987979016,330.6037897211324,0.40507599670906,342.108947456512
adults,No Noise,53,0.365632265043562,329.93166014965124,0.401951883035503,357.782556229747
